string,term_0,term_1,sum,set
"72+57
",72,57,129,Train
"41+38
",41,38,79,Train
"55+36
",55,36,91,Train
" 6+11
",6,11,17,Train
"76+95
",76,95,171,Train
"16+46
",16,46,62,Train
"32+53
",32,53,85,Train
"17+18
",17,18,35,Train
"16+96
",16,96,112,Train
"38+36
",38,36,74,Train
" 29+1
",29,1,30,Train
"33+74
",33,74,107,Train
"92+23
",92,23,115,Train
"40+74
",40,74,114,Train
"68+18
",68,18,86,Train
"50+22
",50,22,72,Train
"86+92
",86,92,178,Train
"68+16
",68,16,84,Train
"61+36
",61,36,97,Train
"33+29
",33,29,62,Train
"28+26
",28,26,54,Train
"49+28
",49,28,77,Train
"64+64
",64,64,128,Train
"89+97
",89,97,186,Train
"44+59
",44,59,103,Train
"18+84
",18,84,102,Train
"41+15
",41,15,56,Train
"95+66
",95,66,161,Train
" 8+29
",8,29,37,Train
"10+10
",10,10,20,Train
"79+61
",79,61,140,Train
"31+31
",31,31,62,Train
"53+98
",53,98,151,Train
"77+51
",77,51,128,Train
" 6+80
",6,80,86,Train
"12+41
",12,41,53,Train
"21+19
",21,19,40,Train
" 7+58
",7,58,65,Train
"81+81
",81,81,162,Train
"37+94
",37,94,131,Train
" 15+4
",15,4,19,Train
"47+89
",47,89,136,Train
" 44+5
",44,5,49,Train
"68+99
",68,99,167,Train
"22+36
",22,36,58,Train
"22+42
",22,42,64,Train
"25+80
",25,80,105,Train
"55+80
",55,80,135,Train
"70+74
",70,74,144,Train
"26+23
",26,23,49,Train
"96+24
",96,24,120,Train
"49+14
",49,14,63,Train
" 0+41
",0,41,41,Train
" 92+7
",92,7,99,Train
"99+76
",99,76,175,Train
" 1+17
",1,17,18,Train
"44+20
",44,20,64,Train
"51+10
",51,10,61,Train
"40+99
",40,99,139,Train
"65+63
",65,63,128,Train
" 5+63
",5,63,68,Train
"65+52
",65,52,117,Train
"33+23
",33,23,56,Train
"32+87
",32,87,119,Train
" 73+0
",73,0,73,Train
" 38+5
",38,5,43,Train
"98+19
",98,19,117,Train
"63+16
",63,16,79,Train
"48+82
",48,82,130,Train
" 4+56
",4,56,60,Train
"71+75
",71,75,146,Train
"55+74
",55,74,129,Train
"18+76
",18,76,94,Train
"43+15
",43,15,58,Train
"72+33
",72,33,105,Train
"66+16
",66,16,82,Train
"36+46
",36,46,82,Train
"70+25
",70,25,95,Train
"18+97
",18,97,115,Train
"17+27
",17,27,44,Train
"19+55
",19,55,74,Train
"31+30
",31,30,61,Train
"57+11
",57,11,68,Train
"67+60
",67,60,127,Train
" 98+8
",98,8,106,Train
"46+30
",46,30,76,Train
"58+97
",58,97,155,Train
"35+80
",35,80,115,Train
"22+13
",22,13,35,Train
" 7+11
",7,11,18,Train
" 42+7
",42,7,49,Train
" 4+35
",4,35,39,Train
"61+38
",61,38,99,Train
"46+91
",46,91,137,Train
"88+39
",88,39,127,Train
"48+49
",48,49,97,Train
"24+70
",24,70,94,Train
"97+82
",97,82,179,Train
"48+12
",48,12,60,Train
"31+20
",31,20,51,Train
" 9+18
",9,18,27,Train
"23+56
",23,56,79,Train
"56+31
",56,31,87,Train
"82+32
",82,32,114,Train
"64+25
",64,25,89,Train
"39+75
",39,75,114,Train
" 68+3
",68,3,71,Train
"67+83
",67,83,150,Train
"72+53
",72,53,125,Train
"97+43
",97,43,140,Train
"43+51
",43,51,94,Train
"46+95
",46,95,141,Train
"26+90
",26,90,116,Train
"53+13
",53,13,66,Train
" 18+5
",18,5,23,Train
"94+98
",94,98,192,Train
"26+39
",26,39,65,Train
"46+46
",46,46,92,Train
" 76+4
",76,4,80,Train
"89+56
",89,56,145,Train
"39+73
",39,73,112,Train
"29+56
",29,56,85,Train
"73+99
",73,99,172,Train
"11+20
",11,20,31,Train
" 67+3
",67,3,70,Train
"57+47
",57,47,104,Train
"40+88
",40,88,128,Train
"18+58
",18,58,76,Train
"92+43
",92,43,135,Train
"90+77
",90,77,167,Train
"86+30
",86,30,116,Train
"81+55
",81,55,136,Train
" 19+0
",19,0,19,Train
"27+70
",27,70,97,Train
"71+68
",71,68,139,Train
" 9+59
",9,59,68,Train
"20+72
",20,72,92,Train
"50+25
",50,25,75,Train
"68+11
",68,11,79,Train
"10+46
",10,46,56,Train
"26+65
",26,65,91,Train
" 21+0
",21,0,21,Train
"26+18
",26,18,44,Train
"72+15
",72,15,87,Train
" 0+91
",0,91,91,Train
" 5+15
",5,15,20,Train
"20+32
",20,32,52,Train
"11+61
",11,61,72,Train
"75+22
",75,22,97,Train
"17+20
",17,20,37,Train
" 33+4
",33,4,37,Train
" 69+6
",69,6,75,Train
"90+69
",90,69,159,Train
"26+36
",26,36,62,Train
"18+29
",18,29,47,Train
" 4+22
",4,22,26,Train
"24+35
",24,35,59,Train
"82+13
",82,13,95,Train
"78+43
",78,43,121,Train
" 43+4
",43,4,47,Train
"26+27
",26,27,53,Train
"22+50
",22,50,72,Train
"88+70
",88,70,158,Train
"30+48
",30,48,78,Train
"12+52
",12,52,64,Train
"66+48
",66,48,114,Train
" 58+2
",58,2,60,Train
"44+76
",44,76,120,Train
" 89+9
",89,9,98,Train
"88+20
",88,20,108,Train
"21+74
",21,74,95,Train
"41+90
",41,90,131,Train
" 58+5
",58,5,63,Train
"64+19
",64,19,83,Train
"65+44
",65,44,109,Train
" 23+3
",23,3,26,Train
"66+27
",66,27,93,Train
" 96+6
",96,6,102,Train
" 53+7
",53,7,60,Train
" 8+58
",8,58,66,Train
"26+26
",26,26,52,Train
" 1+26
",1,26,27,Train
" 58+7
",58,7,65,Train
" 56+1
",56,1,57,Train
"31+54
",31,54,85,Train
"37+58
",37,58,95,Train
" 9+89
",9,89,98,Train
" 85+6
",85,6,91,Train
"72+54
",72,54,126,Train
"68+35
",68,35,103,Train
" 86+6
",86,6,92,Train
"22+53
",22,53,75,Train
"36+26
",36,26,62,Train
"72+12
",72,12,84,Train
"40+49
",40,49,89,Train
"56+17
",56,17,73,Train
"62+80
",62,80,142,Train
" 2+42
",2,42,44,Train
"87+40
",87,40,127,Train
"25+72
",25,72,97,Train
"41+44
",41,44,85,Train
" 3+73
",3,73,76,Train
" 5+50
",5,50,55,Train
"79+91
",79,91,170,Train
"36+49
",36,49,85,Train
"94+84
",94,84,178,Train
"20+69
",20,69,89,Train
"50+74
",50,74,124,Train
" 3+45
",3,45,48,Train
"53+89
",53,89,142,Train
"95+15
",95,15,110,Train
"67+84
",67,84,151,Train
"78+40
",78,40,118,Train
"16+19
",16,19,35,Train
"34+71
",34,71,105,Train
" 8+19
",8,19,27,Train
"23+55
",23,55,78,Train
"18+69
",18,69,87,Train
" 36+5
",36,5,41,Train
"92+55
",92,55,147,Train
"75+60
",75,60,135,Train
"59+73
",59,73,132,Train
"84+26
",84,26,110,Train
" 73+8
",73,8,81,Train
" 55+3
",55,3,58,Train
"14+29
",14,29,43,Train
"79+57
",79,57,136,Train
" 2+94
",2,94,96,Train
"61+15
",61,15,76,Train
" 1+82
",1,82,83,Train
"83+20
",83,20,103,Train
" 41+9
",41,9,50,Train
" 46+3
",46,3,49,Train
"84+63
",84,63,147,Train
"80+37
",80,37,117,Train
" 18+1
",18,1,19,Train
"32+81
",32,81,113,Train
"22+19
",22,19,41,Train
"85+29
",85,29,114,Train
" 8+47
",8,47,55,Train
"21+61
",21,61,82,Train
" 16+4
",16,4,20,Train
"64+46
",64,46,110,Train
"57+33
",57,33,90,Train
"25+35
",25,35,60,Train
"18+99
",18,99,117,Train
"56+11
",56,11,67,Train
"95+65
",95,65,160,Train
"70+99
",70,99,169,Train
"94+37
",94,37,131,Train
"66+47
",66,47,113,Train
"61+20
",61,20,81,Train
"16+27
",16,27,43,Train
"37+55
",37,55,92,Train
"10+34
",10,34,44,Train
"50+94
",50,94,144,Train
"26+12
",26,12,38,Train
"73+14
",73,14,87,Train
"21+29
",21,29,50,Train
"37+45
",37,45,82,Train
"36+67
",36,67,103,Train
"52+21
",52,21,73,Train
"73+76
",73,76,149,Train
"36+99
",36,99,135,Train
" 35+2
",35,2,37,Train
"49+41
",49,41,90,Train
"77+63
",77,63,140,Train
"78+16
",78,16,94,Train
"36+56
",36,56,92,Train
"72+14
",72,14,86,Train
"97+80
",97,80,177,Train
"56+19
",56,19,75,Train
"63+52
",63,52,115,Train
"50+13
",50,13,63,Train
"64+31
",64,31,95,Train
"39+31
",39,31,70,Train
"69+69
",69,69,138,Train
"97+45
",97,45,142,Train
" 59+6
",59,6,65,Train
"94+38
",94,38,132,Train
" 7+54
",7,54,61,Train
"72+96
",72,96,168,Train
"77+74
",77,74,151,Train
"68+89
",68,89,157,Train
"28+43
",28,43,71,Train
"39+80
",39,80,119,Train
"27+10
",27,10,37,Train
"48+16
",48,16,64,Train
"72+20
",72,20,92,Train
"40+31
",40,31,71,Train
"55+18
",55,18,73,Train
"60+34
",60,34,94,Train
"63+38
",63,38,101,Train
"59+65
",59,65,124,Train
"24+60
",24,60,84,Train
"99+90
",99,90,189,Train
"89+48
",89,48,137,Train
"70+30
",70,30,100,Train
"57+65
",57,65,122,Train
"17+39
",17,39,56,Train
" 85+0
",85,0,85,Train
"72+17
",72,17,89,Train
" 9+98
",9,98,107,Train
"94+48
",94,48,142,Train
"70+95
",70,95,165,Train
" 25+8
",25,8,33,Train
" 12+5
",12,5,17,Train
"49+16
",49,16,65,Train
"36+17
",36,17,53,Train
"22+59
",22,59,81,Train
"29+98
",29,98,127,Train
"98+52
",98,52,150,Train
"80+83
",80,83,163,Train
"18+21
",18,21,39,Train
"95+67
",95,67,162,Train
"33+70
",33,70,103,Train
"68+94
",68,94,162,Train
"59+52
",59,52,111,Train
"61+88
",61,88,149,Train
"92+46
",92,46,138,Train
"94+80
",94,80,174,Train
"13+69
",13,69,82,Train
"97+60
",97,60,157,Train
"90+42
",90,42,132,Train
"13+26
",13,26,39,Train
"53+85
",53,85,138,Train
"68+71
",68,71,139,Train
"47+63
",47,63,110,Train
"10+40
",10,40,50,Train
"71+17
",71,17,88,Train
"12+31
",12,31,43,Train
" 1+23
",1,23,24,Train
" 1+79
",1,79,80,Train
" 1+41
",1,41,42,Train
"83+88
",83,88,171,Train
"13+53
",13,53,66,Train
" 46+2
",46,2,48,Train
" 86+1
",86,1,87,Train
"87+96
",87,96,183,Train
"  3+4
",3,4,7,Train
" 9+61
",9,61,70,Train
"13+83
",13,83,96,Train
"83+59
",83,59,142,Train
"75+63
",75,63,138,Train
"91+72
",91,72,163,Train
"29+29
",29,29,58,Train
"34+98
",34,98,132,Train
"13+22
",13,22,35,Train
"30+67
",30,67,97,Train
"61+12
",61,12,73,Train
"53+22
",53,22,75,Train
"70+32
",70,32,102,Train
"17+95
",17,95,112,Train
" 9+31
",9,31,40,Train
"62+44
",62,44,106,Train
"16+45
",16,45,61,Train
"59+75
",59,75,134,Train
"95+32
",95,32,127,Train
"17+65
",17,65,82,Train
"57+90
",57,90,147,Train
"16+88
",16,88,104,Train
"22+89
",22,89,111,Train
"76+71
",76,71,147,Train
" 9+13
",9,13,22,Train
"43+33
",43,33,76,Train
" 8+40
",8,40,48,Train
"36+75
",36,75,111,Train
"66+88
",66,88,154,Train
"25+63
",25,63,88,Train
"73+90
",73,90,163,Train
"62+14
",62,14,76,Train
"12+74
",12,74,86,Train
"77+46
",77,46,123,Train
"94+60
",94,60,154,Train
" 19+4
",19,4,23,Train
"98+12
",98,12,110,Train
"22+21
",22,21,43,Train
" 38+6
",38,6,44,Train
"50+45
",50,45,95,Train
" 62+2
",62,2,64,Train
"84+44
",84,44,128,Train
"23+71
",23,71,94,Train
" 51+2
",51,2,53,Train
"71+90
",71,90,161,Train
"66+17
",66,17,83,Train
"56+22
",56,22,78,Train
"25+53
",25,53,78,Train
"94+23
",94,23,117,Train
" 85+5
",85,5,90,Train
"67+13
",67,13,80,Train
"33+24
",33,24,57,Train
"70+41
",70,41,111,Train
"54+52
",54,52,106,Train
"97+28
",97,28,125,Train
"14+96
",14,96,110,Train
"13+27
",13,27,40,Train
"97+62
",97,62,159,Train
"53+86
",53,86,139,Train
"41+39
",41,39,80,Train
"70+65
",70,65,135,Train
" 1+24
",1,24,25,Train
"68+10
",68,10,78,Train
" 28+6
",28,6,34,Train
"66+66
",66,66,132,Train
"53+10
",53,10,63,Train
" 7+38
",7,38,45,Train
"10+44
",10,44,54,Train
"64+26
",64,26,90,Train
"11+49
",11,49,60,Train
"12+59
",12,59,71,Train
"12+62
",12,62,74,Train
"16+58
",16,58,74,Train
"81+26
",81,26,107,Train
"39+96
",39,96,135,Train
"28+45
",28,45,73,Train
" 90+7
",90,7,97,Train
"20+68
",20,68,88,Train
"61+90
",61,90,151,Train
"52+16
",52,16,68,Train
"  4+6
",4,6,10,Train
"96+43
",96,43,139,Train
"53+76
",53,76,129,Train
"12+84
",12,84,96,Train
"52+22
",52,22,74,Train
"95+33
",95,33,128,Train
"14+97
",14,97,111,Train
"31+53
",31,53,84,Train
"94+15
",94,15,109,Train
"54+92
",54,92,146,Train
"53+31
",53,31,84,Train
" 26+6
",26,6,32,Train
"58+77
",58,77,135,Train
"64+44
",64,44,108,Train
" 56+9
",56,9,65,Train
"20+79
",20,79,99,Train
"42+60
",42,60,102,Train
"11+82
",11,82,93,Train
"52+86
",52,86,138,Train
" 86+9
",86,9,95,Train
" 54+7
",54,7,61,Train
"10+11
",10,11,21,Train
"38+69
",38,69,107,Train
"73+93
",73,93,166,Train
" 17+2
",17,2,19,Train
"14+95
",14,95,109,Train
" 5+70
",5,70,75,Train
" 4+90
",4,90,94,Train
"22+45
",22,45,67,Train
" 98+3
",98,3,101,Train
"62+72
",62,72,134,Train
"89+74
",89,74,163,Train
"43+30
",43,30,73,Train
"21+93
",21,93,114,Train
"37+70
",37,70,107,Train
"21+34
",21,34,55,Train
"88+80
",88,80,168,Train
"79+47
",79,47,126,Train
"25+18
",25,18,43,Train
" 7+81
",7,81,88,Train
"51+90
",51,90,141,Train
"37+26
",37,26,63,Train
"63+80
",63,80,143,Train
" 56+6
",56,6,62,Train
"52+44
",52,44,96,Train
"53+14
",53,14,67,Train
"27+46
",27,46,73,Train
"31+50
",31,50,81,Train
"70+66
",70,66,136,Train
" 4+94
",4,94,98,Train
"87+97
",87,97,184,Train
"17+63
",17,63,80,Train
"79+20
",79,20,99,Train
"55+95
",55,95,150,Train
"91+89
",91,89,180,Train
"84+47
",84,47,131,Train
" 9+82
",9,82,91,Train
"43+74
",43,74,117,Train
"85+32
",85,32,117,Train
" 58+6
",58,6,64,Train
"34+92
",34,92,126,Train
"75+74
",75,74,149,Train
"85+12
",85,12,97,Train
"31+34
",31,34,65,Train
"96+17
",96,17,113,Train
" 76+8
",76,8,84,Train
" 5+83
",5,83,88,Train
" 24+3
",24,3,27,Train
"55+61
",55,61,116,Train
"90+33
",90,33,123,Train
"46+29
",46,29,75,Train
"31+62
",31,62,93,Train
"12+95
",12,95,107,Train
"97+40
",97,40,137,Train
"31+84
",31,84,115,Train
"36+81
",36,81,117,Train
"57+63
",57,63,120,Train
"52+10
",52,10,62,Train
" 3+42
",3,42,45,Train
"89+64
",89,64,153,Train
"58+53
",58,53,111,Train
"82+63
",82,63,145,Train
" 41+0
",41,0,41,Train
"28+19
",28,19,47,Train
"89+52
",89,52,141,Train
" 7+63
",7,63,70,Train
"13+77
",13,77,90,Train
"28+86
",28,86,114,Train
" 3+64
",3,64,67,Train
"24+28
",24,28,52,Train
"34+25
",34,25,59,Train
"18+28
",18,28,46,Train
"63+48
",63,48,111,Train
"44+94
",44,94,138,Train
"26+34
",26,34,60,Train
"98+18
",98,18,116,Train
"92+83
",92,83,175,Train
"32+46
",32,46,78,Train
"62+67
",62,67,129,Train
" 70+3
",70,3,73,Train
" 4+32
",4,32,36,Train
"53+29
",53,29,82,Train
" 3+76
",3,76,79,Train
"28+46
",28,46,74,Train
"16+79
",16,79,95,Train
"14+62
",14,62,76,Train
"97+39
",97,39,136,Train
"42+53
",42,53,95,Train
"76+65
",76,65,141,Train
"48+93
",48,93,141,Train
"41+40
",41,40,81,Train
"40+11
",40,11,51,Train
"54+50
",54,50,104,Train
"74+17
",74,17,91,Train
"92+96
",92,96,188,Train
"64+67
",64,67,131,Train
" 24+9
",24,9,33,Train
"55+64
",55,64,119,Train
" 2+27
",2,27,29,Train
"98+66
",98,66,164,Train
"97+10
",97,10,107,Train
"49+47
",49,47,96,Train
"34+18
",34,18,52,Train
"94+72
",94,72,166,Train
"27+30
",27,30,57,Train
"52+13
",52,13,65,Train
"62+31
",62,31,93,Train
"42+87
",42,87,129,Train
"25+68
",25,68,93,Train
"99+60
",99,60,159,Train
"95+57
",95,57,152,Train
"98+40
",98,40,138,Train
"29+96
",29,96,125,Train
"49+49
",49,49,98,Train
"57+54
",57,54,111,Train
"64+42
",64,42,106,Train
" 30+7
",30,7,37,Train
"19+41
",19,41,60,Train
"19+22
",19,22,41,Train
"42+37
",42,37,79,Train
"47+56
",47,56,103,Train
"69+48
",69,48,117,Train
"29+92
",29,92,121,Train
"90+38
",90,38,128,Train
"62+47
",62,47,109,Train
"72+35
",72,35,107,Train
"45+18
",45,18,63,Train
"36+39
",36,39,75,Train
" 79+7
",79,7,86,Train
"  1+5
",1,5,6,Train
"19+27
",19,27,46,Train
"56+52
",56,52,108,Train
"72+52
",72,52,124,Train
"14+98
",14,98,112,Train
"49+20
",49,20,69,Train
"35+50
",35,50,85,Train
"91+23
",91,23,114,Train
"90+81
",90,81,171,Train
" 2+71
",2,71,73,Train
"90+66
",90,66,156,Train
"64+51
",64,51,115,Train
" 0+14
",0,14,14,Train
"99+88
",99,88,187,Train
" 4+31
",4,31,35,Train
" 8+87
",8,87,95,Train
"22+98
",22,98,120,Train
" 79+0
",79,0,79,Train
"45+76
",45,76,121,Train
"33+14
",33,14,47,Train
"18+72
",18,72,90,Train
"37+44
",37,44,81,Train
"21+65
",21,65,86,Train
"26+15
",26,15,41,Train
"13+64
",13,64,77,Train
"37+86
",37,86,123,Train
"39+98
",39,98,137,Train
"70+38
",70,38,108,Train
"35+14
",35,14,49,Train
"33+22
",33,22,55,Train
"64+49
",64,49,113,Train
"84+56
",84,56,140,Train
"55+78
",55,78,133,Train
"84+19
",84,19,103,Train
" 73+5
",73,5,78,Train
"76+22
",76,22,98,Train
"93+60
",93,60,153,Train
"42+57
",42,57,99,Train
"38+13
",38,13,51,Train
"19+65
",19,65,84,Train
" 7+53
",7,53,60,Train
" 73+2
",73,2,75,Train
"25+50
",25,50,75,Train
"97+55
",97,55,152,Train
"58+75
",58,75,133,Train
"63+99
",63,99,162,Train
"92+37
",92,37,129,Train
"82+75
",82,75,157,Train
"57+41
",57,41,98,Train
"20+54
",20,54,74,Train
"73+30
",73,30,103,Train
" 8+84
",8,84,92,Train
"25+60
",25,60,85,Train
"64+54
",64,54,118,Train
"97+44
",97,44,141,Train
"60+98
",60,98,158,Train
"25+84
",25,84,109,Train
" 3+65
",3,65,68,Train
"12+83
",12,83,95,Train
"16+70
",16,70,86,Train
"25+45
",25,45,70,Train
"64+24
",64,24,88,Train
"45+86
",45,86,131,Train
"68+74
",68,74,142,Train
"21+96
",21,96,117,Train
" 7+25
",7,25,32,Train
"54+12
",54,12,66,Train
"43+92
",43,92,135,Train
"37+68
",37,68,105,Train
"80+19
",80,19,99,Train
"41+14
",41,14,55,Train
"45+88
",45,88,133,Train
" 0+36
",0,36,36,Train
"11+52
",11,52,63,Train
"25+19
",25,19,44,Train
"35+24
",35,24,59,Train
"49+35
",49,35,84,Train
"71+62
",71,62,133,Train
"99+85
",99,85,184,Train
"45+57
",45,57,102,Train
"17+93
",17,93,110,Train
" 30+0
",30,0,30,Train
"42+93
",42,93,135,Train
"84+93
",84,93,177,Train
"61+32
",61,32,93,Train
"85+74
",85,74,159,Train
" 3+66
",3,66,69,Train
"19+96
",19,96,115,Train
" 7+98
",7,98,105,Train
"33+69
",33,69,102,Train
"32+12
",32,12,44,Train
"11+26
",11,26,37,Train
"52+51
",52,51,103,Train
"87+72
",87,72,159,Train
"51+44
",51,44,95,Train
"57+85
",57,85,142,Train
"74+50
",74,50,124,Train
" 7+51
",7,51,58,Train
"62+26
",62,26,88,Train
"91+81
",91,81,172,Train
"94+18
",94,18,112,Train
"27+21
",27,21,48,Train
"25+90
",25,90,115,Train
"66+45
",66,45,111,Train
"48+26
",48,26,74,Train
"89+58
",89,58,147,Train
"27+79
",27,79,106,Train
"25+14
",25,14,39,Train
" 0+81
",0,81,81,Train
"62+85
",62,85,147,Train
"67+49
",67,49,116,Train
"  7+8
",7,8,15,Train
"33+60
",33,60,93,Train
"77+90
",77,90,167,Train
"68+81
",68,81,149,Train
"54+19
",54,19,73,Train
"18+82
",18,82,100,Train
"91+34
",91,34,125,Train
"58+68
",58,68,126,Train
"43+81
",43,81,124,Train
"71+73
",71,73,144,Train
"38+62
",38,62,100,Train
"16+61
",16,61,77,Train
"66+32
",66,32,98,Train
"52+53
",52,53,105,Train
"86+42
",86,42,128,Train
"14+57
",14,57,71,Train
"20+65
",20,65,85,Train
" 2+11
",2,11,13,Train
"38+65
",38,65,103,Train
"76+96
",76,96,172,Train
"90+23
",90,23,113,Train
"77+98
",77,98,175,Train
"54+77
",54,77,131,Train
"64+11
",64,11,75,Train
"66+99
",66,99,165,Train
"38+72
",38,72,110,Train
"12+86
",12,86,98,Train
"79+31
",79,31,110,Train
"87+36
",87,36,123,Train
" 4+83
",4,83,87,Train
"55+16
",55,16,71,Train
"29+46
",29,46,75,Train
"95+59
",95,59,154,Train
"20+62
",20,62,82,Train
"47+65
",47,65,112,Train
"95+91
",95,91,186,Train
"59+13
",59,13,72,Train
"66+78
",66,78,144,Train
"99+71
",99,71,170,Train
"73+26
",73,26,99,Train
"69+50
",69,50,119,Train
"13+59
",13,59,72,Train
"11+30
",11,30,41,Train
"83+93
",83,93,176,Train
"99+80
",99,80,179,Train
"29+54
",29,54,83,Train
"95+11
",95,11,106,Train
"42+72
",42,72,114,Train
" 7+46
",7,46,53,Train
"45+96
",45,96,141,Train
"14+38
",14,38,52,Train
"35+44
",35,44,79,Train
"80+21
",80,21,101,Train
"90+45
",90,45,135,Train
"26+80
",26,80,106,Train
" 50+7
",50,7,57,Train
" 8+26
",8,26,34,Train
"73+75
",73,75,148,Train
"11+44
",11,44,55,Train
"98+35
",98,35,133,Train
" 8+48
",8,48,56,Train
"50+97
",50,97,147,Train
"49+15
",49,15,64,Train
"98+42
",98,42,140,Train
"77+53
",77,53,130,Train
" 1+64
",1,64,65,Train
"71+78
",71,78,149,Train
"96+62
",96,62,158,Train
"58+11
",58,11,69,Train
"18+75
",18,75,93,Train
"60+63
",60,63,123,Train
"88+44
",88,44,132,Train
"43+43
",43,43,86,Train
"46+72
",46,72,118,Train
"78+97
",78,97,175,Train
" 19+2
",19,2,21,Train
" 67+1
",67,1,68,Train
"41+95
",41,95,136,Train
"87+26
",87,26,113,Train
"96+50
",96,50,146,Train
"11+16
",11,16,27,Train
" 70+8
",70,8,78,Train
"79+73
",79,73,152,Train
"67+51
",67,51,118,Train
"63+44
",63,44,107,Train
"78+32
",78,32,110,Train
"64+83
",64,83,147,Train
"47+68
",47,68,115,Train
"77+72
",77,72,149,Train
"63+15
",63,15,78,Train
" 0+15
",0,15,15,Train
"71+61
",71,61,132,Train
"86+86
",86,86,172,Train
"97+97
",97,97,194,Train
"98+17
",98,17,115,Train
"73+96
",73,96,169,Train
"79+49
",79,49,128,Train
"46+10
",46,10,56,Train
"40+68
",40,68,108,Train
"45+42
",45,42,87,Train
"26+92
",26,92,118,Train
"15+67
",15,67,82,Train
" 74+7
",74,7,81,Train
"41+79
",41,79,120,Train
" 26+3
",26,3,29,Train
"10+67
",10,67,77,Train
"24+80
",24,80,104,Train
" 59+1
",59,1,60,Train
"56+32
",56,32,88,Train
"58+33
",58,33,91,Train
"91+42
",91,42,133,Train
"92+13
",92,13,105,Train
"13+66
",13,66,79,Train
"29+42
",29,42,71,Train
"95+63
",95,63,158,Train
"97+96
",97,96,193,Train
"35+12
",35,12,47,Train
"20+55
",20,55,75,Train
"67+99
",67,99,166,Train
"75+32
",75,32,107,Train
"37+51
",37,51,88,Train
"71+97
",71,97,168,Train
"27+85
",27,85,112,Train
"73+24
",73,24,97,Train
"49+73
",49,73,122,Train
"90+28
",90,28,118,Train
"98+44
",98,44,142,Train
"76+43
",76,43,119,Train
"29+93
",29,93,122,Train
"37+75
",37,75,112,Train
"37+20
",37,20,57,Train
" 6+71
",6,71,77,Train
"39+78
",39,78,117,Train
" 48+5
",48,5,53,Train
"72+22
",72,22,94,Train
"34+55
",34,55,89,Train
"26+66
",26,66,92,Train
"54+60
",54,60,114,Train
"66+87
",66,87,153,Train
"69+88
",69,88,157,Train
"80+96
",80,96,176,Train
"72+51
",72,51,123,Train
"90+25
",90,25,115,Train
"21+27
",21,27,48,Train
"18+50
",18,50,68,Train
"55+41
",55,41,96,Train
"94+90
",94,90,184,Train
"52+19
",52,19,71,Train
"78+47
",78,47,125,Train
"22+99
",22,99,121,Train
"66+68
",66,68,134,Train
"26+53
",26,53,79,Train
" 6+12
",6,12,18,Train
" 50+3
",50,3,53,Train
"77+82
",77,82,159,Train
"18+95
",18,95,113,Train
"55+76
",55,76,131,Train
" 91+6
",91,6,97,Train
"45+81
",45,81,126,Train
"55+13
",55,13,68,Train
"27+14
",27,14,41,Train
"75+82
",75,82,157,Train
"69+58
",69,58,127,Train
"67+61
",67,61,128,Train
"79+32
",79,32,111,Train
"29+21
",29,21,50,Train
"49+87
",49,87,136,Train
"25+30
",25,30,55,Train
"45+55
",45,55,100,Train
"66+42
",66,42,108,Train
"47+23
",47,23,70,Train
" 33+8
",33,8,41,Train
"53+21
",53,21,74,Train
"90+19
",90,19,109,Train
"45+77
",45,77,122,Train
"90+46
",90,46,136,Train
"82+31
",82,31,113,Train
" 3+94
",3,94,97,Train
"90+63
",90,63,153,Train
"37+11
",37,11,48,Train
"22+76
",22,76,98,Train
"89+40
",89,40,129,Train
"84+80
",84,80,164,Train
"83+41
",83,41,124,Train
"84+34
",84,34,118,Train
"61+85
",61,85,146,Train
" 2+77
",2,77,79,Train
"56+54
",56,54,110,Train
"31+86
",31,86,117,Train
"44+50
",44,50,94,Train
"95+38
",95,38,133,Train
"87+58
",87,58,145,Train
"78+18
",78,18,96,Train
"56+56
",56,56,112,Train
"24+12
",24,12,36,Train
"68+54
",68,54,122,Train
"29+89
",29,89,118,Train
"41+37
",41,37,78,Train
"94+12
",94,12,106,Train
"79+14
",79,14,93,Train
" 3+93
",3,93,96,Train
"20+28
",20,28,48,Train
"89+87
",89,87,176,Train
"36+70
",36,70,106,Train
"32+40
",32,40,72,Train
"71+12
",71,12,83,Train
"23+64
",23,64,87,Train
"43+41
",43,41,84,Train
" 10+3
",10,3,13,Train
"11+40
",11,40,51,Train
"34+44
",34,44,78,Train
"36+71
",36,71,107,Train
" 9+63
",9,63,72,Train
"92+21
",92,21,113,Train
" 11+2
",11,2,13,Train
"81+42
",81,42,123,Train
"35+92
",35,92,127,Train
"44+26
",44,26,70,Train
"94+29
",94,29,123,Train
"52+38
",52,38,90,Train
"54+66
",54,66,120,Train
" 90+0
",90,0,90,Train
"99+66
",99,66,165,Train
"29+69
",29,69,98,Train
"63+24
",63,24,87,Train
"32+93
",32,93,125,Train
"78+12
",78,12,90,Train
"83+96
",83,96,179,Train
"49+99
",49,99,148,Train
"97+70
",97,70,167,Train
"44+72
",44,72,116,Train
"30+84
",30,84,114,Train
"22+62
",22,62,84,Train
" 1+76
",1,76,77,Train
"20+74
",20,74,94,Train
"89+96
",89,96,185,Train
"15+29
",15,29,44,Train
"36+86
",36,86,122,Train
"69+54
",69,54,123,Train
"83+29
",83,29,112,Train
"98+43
",98,43,141,Train
"15+27
",15,27,42,Train
"47+96
",47,96,143,Train
"86+93
",86,93,179,Train
"33+73
",33,73,106,Train
"24+61
",24,61,85,Train
"83+26
",83,26,109,Train
"83+28
",83,28,111,Train
"35+63
",35,63,98,Train
"93+56
",93,56,149,Train
" 1+70
",1,70,71,Train
"73+55
",73,55,128,Train
"40+27
",40,27,67,Train
" 8+43
",8,43,51,Train
"49+79
",49,79,128,Train
" 69+8
",69,8,77,Train
" 1+15
",1,15,16,Train
"32+41
",32,41,73,Train
"47+54
",47,54,101,Train
"90+26
",90,26,116,Train
"97+56
",97,56,153,Train
"80+44
",80,44,124,Train
"55+38
",55,38,93,Train
"98+84
",98,84,182,Train
" 55+0
",55,0,55,Train
"13+58
",13,58,71,Train
"41+49
",41,49,90,Train
"59+63
",59,63,122,Train
" 2+92
",2,92,94,Train
"34+79
",34,79,113,Train
" 5+53
",5,53,58,Train
"13+98
",13,98,111,Train
"37+15
",37,15,52,Train
"61+99
",61,99,160,Train
"28+71
",28,71,99,Train
"14+20
",14,20,34,Train
" 66+3
",66,3,69,Train
"59+45
",59,45,104,Train
"  2+5
",2,5,7,Train
"55+79
",55,79,134,Train
"51+12
",51,12,63,Train
"43+59
",43,59,102,Train
"96+51
",96,51,147,Train
"23+83
",23,83,106,Train
"73+63
",73,63,136,Train
"  0+5
",0,5,5,Train
"11+70
",11,70,81,Train
"70+92
",70,92,162,Train
"19+62
",19,62,81,Train
"47+48
",47,48,95,Train
" 11+1
",11,1,12,Train
"78+95
",78,95,173,Train
" 6+15
",6,15,21,Train
"22+51
",22,51,73,Train
"93+59
",93,59,152,Train
"41+78
",41,78,119,Train
"25+81
",25,81,106,Train
"38+45
",38,45,83,Train
"50+57
",50,57,107,Train
"34+48
",34,48,82,Train
" 50+5
",50,5,55,Train
"45+44
",45,44,89,Train
" 74+4
",74,4,78,Train
"75+26
",75,26,101,Train
"82+48
",82,48,130,Train
"10+65
",10,65,75,Train
"91+46
",91,46,137,Train
"51+27
",51,27,78,Train
"33+51
",33,51,84,Train
"59+24
",59,24,83,Train
" 40+5
",40,5,45,Train
"37+50
",37,50,87,Train
"75+25
",75,25,100,Train
"47+26
",47,26,73,Train
"70+18
",70,18,88,Train
"94+49
",94,49,143,Train
"28+60
",28,60,88,Train
"12+11
",12,11,23,Train
"50+61
",50,61,111,Train
"79+86
",79,86,165,Train
"87+99
",87,99,186,Train
"50+38
",50,38,88,Train
"72+74
",72,74,146,Train
"93+33
",93,33,126,Train
"77+26
",77,26,103,Train
"34+60
",34,60,94,Train
" 3+19
",3,19,22,Train
"39+18
",39,18,57,Train
"85+50
",85,50,135,Train
"77+32
",77,32,109,Train
"77+16
",77,16,93,Train
"59+39
",59,39,98,Train
"61+14
",61,14,75,Train
" 51+3
",51,3,54,Train
"93+82
",93,82,175,Train
"51+50
",51,50,101,Train
"99+81
",99,81,180,Train
"87+44
",87,44,131,Train
"64+32
",64,32,96,Train
"97+30
",97,30,127,Train
"86+31
",86,31,117,Train
"99+64
",99,64,163,Train
"42+91
",42,91,133,Train
"42+84
",42,84,126,Train
" 95+7
",95,7,102,Train
"44+35
",44,35,79,Train
" 4+61
",4,61,65,Train
"91+49
",91,49,140,Train
"88+22
",88,22,110,Train
"91+33
",91,33,124,Train
" 8+67
",8,67,75,Train
"39+79
",39,79,118,Train
"18+64
",18,64,82,Train
" 8+63
",8,63,71,Train
"43+84
",43,84,127,Train
"  2+9
",2,9,11,Train
"20+19
",20,19,39,Train
" 1+91
",1,91,92,Train
"21+23
",21,23,44,Train
"16+20
",16,20,36,Train
"54+69
",54,69,123,Train
" 45+9
",45,9,54,Train
"86+43
",86,43,129,Train
"30+55
",30,55,85,Train
"71+99
",71,99,170,Train
" 3+84
",3,84,87,Train
"54+64
",54,64,118,Train
"49+56
",49,56,105,Train
"42+49
",42,49,91,Train
"19+52
",19,52,71,Train
"91+37
",91,37,128,Train
"92+81
",92,81,173,Train
"90+65
",90,65,155,Train
" 1+77
",1,77,78,Train
" 66+4
",66,4,70,Train
"31+32
",31,32,63,Train
"89+12
",89,12,101,Train
"54+36
",54,36,90,Train
"18+22
",18,22,40,Train
"95+55
",95,55,150,Train
"43+64
",43,64,107,Train
"93+24
",93,24,117,Train
"35+72
",35,72,107,Train
"40+95
",40,95,135,Train
" 5+20
",5,20,25,Train
"99+26
",99,26,125,Train
"65+45
",65,45,110,Train
"96+71
",96,71,167,Train
"12+70
",12,70,82,Train
"96+25
",96,25,121,Train
"18+94
",18,94,112,Train
"77+55
",77,55,132,Train
"39+84
",39,84,123,Train
"99+30
",99,30,129,Train
"21+99
",21,99,120,Train
" 83+8
",83,8,91,Train
"55+19
",55,19,74,Train
"37+81
",37,81,118,Train
"44+99
",44,99,143,Train
"13+90
",13,90,103,Train
"  0+6
",0,6,6,Train
"56+59
",56,59,115,Train
"89+72
",89,72,161,Train
"96+85
",96,85,181,Train
"65+47
",65,47,112,Train
"37+41
",37,41,78,Train
"99+42
",99,42,141,Train
"62+27
",62,27,89,Train
"44+48
",44,48,92,Train
"15+19
",15,19,34,Train
"89+35
",89,35,124,Train
"27+55
",27,55,82,Train
"41+57
",41,57,98,Train
"47+55
",47,55,102,Train
"73+59
",73,59,132,Train
"23+73
",23,73,96,Train
"65+19
",65,19,84,Train
"24+90
",24,90,114,Train
"43+78
",43,78,121,Train
"66+56
",66,56,122,Train
"32+14
",32,14,46,Train
"47+80
",47,80,127,Train
"92+26
",92,26,118,Train
"89+11
",89,11,100,Train
"14+53
",14,53,67,Train
"83+15
",83,15,98,Train
" 65+8
",65,8,73,Train
"13+52
",13,52,65,Train
" 70+5
",70,5,75,Train
"87+83
",87,83,170,Train
"87+10
",87,10,97,Train
"97+27
",97,27,124,Train
" 84+1
",84,1,85,Train
"47+69
",47,69,116,Train
"75+70
",75,70,145,Train
"71+58
",71,58,129,Train
"53+27
",53,27,80,Train
"79+75
",79,75,154,Train
"16+14
",16,14,30,Train
"51+76
",51,76,127,Train
"24+24
",24,24,48,Train
"25+69
",25,69,94,Train
"92+50
",92,50,142,Train
"63+21
",63,21,84,Train
"10+14
",10,14,24,Train
"58+62
",58,62,120,Train
"15+49
",15,49,64,Train
"71+48
",71,48,119,Train
" 4+68
",4,68,72,Train
"47+47
",47,47,94,Train
"15+56
",15,56,71,Train
"  1+1
",1,1,2,Train
" 4+62
",4,62,66,Train
"88+83
",88,83,171,Train
"23+58
",23,58,81,Train
"66+85
",66,85,151,Train
"78+78
",78,78,156,Train
"97+20
",97,20,117,Train
"75+56
",75,56,131,Train
"48+81
",48,81,129,Train
"27+44
",27,44,71,Train
"84+67
",84,67,151,Train
"87+70
",87,70,157,Train
"84+53
",84,53,137,Train
"53+23
",53,23,76,Train
"77+39
",77,39,116,Train
"33+35
",33,35,68,Train
" 50+8
",50,8,58,Train
"26+38
",26,38,64,Train
"84+35
",84,35,119,Train
"46+18
",46,18,64,Train
"17+16
",17,16,33,Train
"47+90
",47,90,137,Train
" 6+42
",6,42,48,Train
"48+22
",48,22,70,Train
"27+50
",27,50,77,Train
"45+92
",45,92,137,Train
" 4+88
",4,88,92,Train
"69+86
",69,86,155,Train
"69+94
",69,94,163,Train
"32+50
",32,50,82,Train
"24+25
",24,25,49,Train
"77+25
",77,25,102,Train
"55+27
",55,27,82,Train
"56+21
",56,21,77,Train
"44+49
",44,49,93,Train
"95+47
",95,47,142,Train
"55+48
",55,48,103,Train
" 4+48
",4,48,52,Train
" 69+7
",69,7,76,Train
"89+82
",89,82,171,Train
"80+88
",80,88,168,Train
"65+29
",65,29,94,Train
" 30+9
",30,9,39,Train
"24+79
",24,79,103,Train
"51+18
",51,18,69,Train
"91+56
",91,56,147,Train
"98+80
",98,80,178,Train
"18+51
",18,51,69,Train
"32+34
",32,34,66,Train
"70+89
",70,89,159,Train
"49+50
",49,50,99,Train
" 15+1
",15,1,16,Train
"89+65
",89,65,154,Train
"29+15
",29,15,44,Train
"59+67
",59,67,126,Train
"35+15
",35,15,50,Train
"10+42
",10,42,52,Train
"73+98
",73,98,171,Train
" 17+4
",17,4,21,Train
"23+96
",23,96,119,Train
"78+85
",78,85,163,Train
"61+94
",61,94,155,Train
"38+55
",38,55,93,Train
" 99+6
",99,6,105,Train
"92+44
",92,44,136,Train
"64+75
",64,75,139,Train
" 0+43
",0,43,43,Train
"19+28
",19,28,47,Train
"87+52
",87,52,139,Train
"12+20
",12,20,32,Train
"32+89
",32,89,121,Train
" 62+3
",62,3,65,Train
"18+77
",18,77,95,Train
"97+19
",97,19,116,Train
"39+60
",39,60,99,Train
"79+29
",79,29,108,Train
"47+81
",47,81,128,Train
"78+69
",78,69,147,Train
"28+53
",28,53,81,Train
" 5+12
",5,12,17,Train
"75+44
",75,44,119,Train
" 86+4
",86,4,90,Train
"54+32
",54,32,86,Train
" 99+9
",99,9,108,Train
"76+69
",76,69,145,Train
"35+85
",35,85,120,Train
" 6+63
",6,63,69,Train
"37+21
",37,21,58,Train
"68+29
",68,29,97,Train
" 4+51
",4,51,55,Train
"58+20
",58,20,78,Train
"42+25
",42,25,67,Train
"32+76
",32,76,108,Train
"98+15
",98,15,113,Train
"13+95
",13,95,108,Train
"40+28
",40,28,68,Train
"71+81
",71,81,152,Train
"64+27
",64,27,91,Train
"54+20
",54,20,74,Train
"61+86
",61,86,147,Train
"41+81
",41,81,122,Train
" 0+69
",0,69,69,Train
"64+12
",64,12,76,Train
"68+45
",68,45,113,Train
"59+81
",59,81,140,Train
"  0+1
",0,1,1,Train
"22+55
",22,55,77,Train
"  9+3
",9,3,12,Train
"96+35
",96,35,131,Train
"99+73
",99,73,172,Train
"16+53
",16,53,69,Train
" 40+4
",40,4,44,Train
"31+44
",31,44,75,Train
"20+49
",20,49,69,Train
" 2+36
",2,36,38,Train
" 91+1
",91,1,92,Train
" 67+7
",67,7,74,Train
"89+86
",89,86,175,Train
"93+15
",93,15,108,Train
"37+89
",37,89,126,Train
" 86+8
",86,8,94,Train
"75+81
",75,81,156,Train
"32+24
",32,24,56,Train
"43+88
",43,88,131,Train
"52+84
",52,84,136,Train
"56+99
",56,99,155,Train
" 0+53
",0,53,53,Train
"33+16
",33,16,49,Train
"48+52
",48,52,100,Train
"92+97
",92,97,189,Train
"76+83
",76,83,159,Train
"91+15
",91,15,106,Train
"31+43
",31,43,74,Train
"45+31
",45,31,76,Train
"71+85
",71,85,156,Train
"92+57
",92,57,149,Train
"58+17
",58,17,75,Train
"26+78
",26,78,104,Train
"95+25
",95,25,120,Train
"31+79
",31,79,110,Train
" 36+6
",36,6,42,Train
" 75+6
",75,6,81,Train
"88+27
",88,27,115,Train
" 2+16
",2,16,18,Train
"34+15
",34,15,49,Train
"49+21
",49,21,70,Train
"17+17
",17,17,34,Train
"77+87
",77,87,164,Train
"17+44
",17,44,61,Train
"98+14
",98,14,112,Train
"41+58
",41,58,99,Train
"20+87
",20,87,107,Train
"75+67
",75,67,142,Train
"75+65
",75,65,140,Train
" 88+3
",88,3,91,Train
"27+87
",27,87,114,Train
" 9+85
",9,85,94,Train
" 12+2
",12,2,14,Train
"60+13
",60,13,73,Train
"93+41
",93,41,134,Train
"76+76
",76,76,152,Train
" 5+72
",5,72,77,Train
"87+92
",87,92,179,Train
"41+16
",41,16,57,Train
"60+30
",60,30,90,Train
"57+14
",57,14,71,Train
"94+67
",94,67,161,Train
" 5+38
",5,38,43,Train
"65+10
",65,10,75,Train
" 5+32
",5,32,37,Train
" 6+91
",6,91,97,Train
"32+22
",32,22,54,Train
"55+12
",55,12,67,Train
"88+10
",88,10,98,Train
"37+96
",37,96,133,Train
"18+80
",18,80,98,Train
"98+95
",98,95,193,Train
"81+29
",81,29,110,Train
"79+10
",79,10,89,Train
"18+49
",18,49,67,Train
"47+97
",47,97,144,Train
"20+20
",20,20,40,Train
"50+19
",50,19,69,Train
"84+12
",84,12,96,Train
"39+39
",39,39,78,Train
" 6+18
",6,18,24,Train
"98+85
",98,85,183,Train
"90+96
",90,96,186,Train
"33+65
",33,65,98,Train
"65+79
",65,79,144,Train
"63+11
",63,11,74,Train
"67+22
",67,22,89,Train
"64+97
",64,97,161,Train
" 3+77
",3,77,80,Train
"15+78
",15,78,93,Train
" 48+8
",48,8,56,Train
" 2+57
",2,57,59,Train
"97+61
",97,61,158,Train
"69+66
",69,66,135,Train
"48+90
",48,90,138,Train
"55+93
",55,93,148,Train
"83+90
",83,90,173,Train
"27+38
",27,38,65,Train
"79+46
",79,46,125,Train
"92+11
",92,11,103,Train
"65+96
",65,96,161,Train
"36+63
",36,63,99,Train
"27+90
",27,90,117,Train
"11+84
",11,84,95,Train
"59+66
",59,66,125,Train
"34+49
",34,49,83,Train
"63+29
",63,29,92,Train
"16+94
",16,94,110,Train
"48+31
",48,31,79,Train
" 84+0
",84,0,84,Train
"14+87
",14,87,101,Train
"56+44
",56,44,100,Train
"57+82
",57,82,139,Train
"11+94
",11,94,105,Train
"58+14
",58,14,72,Train
" 6+40
",6,40,46,Train
"18+17
",18,17,35,Train
" 1+34
",1,34,35,Train
"25+12
",25,12,37,Train
" 3+96
",3,96,99,Train
"42+71
",42,71,113,Train
"52+55
",52,55,107,Train
"17+60
",17,60,77,Train
"61+34
",61,34,95,Train
" 68+0
",68,0,68,Train
" 97+6
",97,6,103,Train
" 59+2
",59,2,61,Train
"65+99
",65,99,164,Train
"95+84
",95,84,179,Train
"79+44
",79,44,123,Train
"78+74
",78,74,152,Train
" 2+32
",2,32,34,Train
"90+10
",90,10,100,Train
"29+79
",29,79,108,Train
" 94+2
",94,2,96,Train
"68+67
",68,67,135,Train
" 45+7
",45,7,52,Train
"60+60
",60,60,120,Train
"57+31
",57,31,88,Train
"99+31
",99,31,130,Train
"31+66
",31,66,97,Train
"23+70
",23,70,93,Train
" 29+6
",29,6,35,Train
"26+48
",26,48,74,Train
"20+92
",20,92,112,Train
" 3+27
",3,27,30,Train
"67+29
",67,29,96,Train
"75+14
",75,14,89,Train
"40+66
",40,66,106,Train
"  5+3
",5,3,8,Train
" 95+5
",95,5,100,Train
"31+19
",31,19,50,Train
" 69+0
",69,0,69,Train
"50+49
",50,49,99,Train
"66+52
",66,52,118,Train
"78+10
",78,10,88,Train
"69+75
",69,75,144,Train
"86+23
",86,23,109,Train
"44+83
",44,83,127,Train
"49+69
",49,69,118,Train
"34+26
",34,26,60,Train
"70+47
",70,47,117,Train
"82+53
",82,53,135,Train
"53+50
",53,50,103,Train
" 47+2
",47,2,49,Train
"99+41
",99,41,140,Train
"23+29
",23,29,52,Train
"22+94
",22,94,116,Train
"82+21
",82,21,103,Train
"  5+6
",5,6,11,Train
"16+80
",16,80,96,Train
"38+54
",38,54,92,Train
"22+82
",22,82,104,Train
"27+92
",27,92,119,Train
"89+68
",89,68,157,Train
" 8+98
",8,98,106,Train
"35+75
",35,75,110,Train
" 7+48
",7,48,55,Train
"67+20
",67,20,87,Train
" 9+60
",9,60,69,Train
"96+69
",96,69,165,Train
"43+65
",43,65,108,Train
"29+58
",29,58,87,Train
"73+86
",73,86,159,Train
"55+20
",55,20,75,Train
"16+71
",16,71,87,Train
"48+44
",48,44,92,Train
" 41+4
",41,4,45,Train
"96+78
",96,78,174,Train
"54+47
",54,47,101,Train
" 0+33
",0,33,33,Train
"77+84
",77,84,161,Train
"54+22
",54,22,76,Train
" 79+8
",79,8,87,Train
"28+31
",28,31,59,Train
"  4+9
",4,9,13,Train
"14+32
",14,32,46,Train
" 9+53
",9,53,62,Train
"20+84
",20,84,104,Train
" 22+4
",22,4,26,Train
"83+85
",83,85,168,Train
"39+85
",39,85,124,Train
" 56+7
",56,7,63,Train
" 4+46
",4,46,50,Train
"23+92
",23,92,115,Train
"32+72
",32,72,104,Train
"50+33
",50,33,83,Train
"36+13
",36,13,49,Train
"83+53
",83,53,136,Train
"21+81
",21,81,102,Train
"81+18
",81,18,99,Train
" 26+1
",26,1,27,Train
"69+63
",69,63,132,Train
"29+27
",29,27,56,Train
"57+10
",57,10,67,Train
"76+85
",76,85,161,Train
"86+21
",86,21,107,Train
"58+88
",58,88,146,Train
"59+50
",59,50,109,Train
" 1+52
",1,52,53,Train
" 53+9
",53,9,62,Train
"55+39
",55,39,94,Train
"88+51
",88,51,139,Train
"87+17
",87,17,104,Train
"28+16
",28,16,44,Train
"85+85
",85,85,170,Train
"79+12
",79,12,91,Train
"18+27
",18,27,45,Train
"10+94
",10,94,104,Train
"79+11
",79,11,90,Train
"65+24
",65,24,89,Train
"98+78
",98,78,176,Train
"36+22
",36,22,58,Train
"60+18
",60,18,78,Train
" 77+1
",77,1,78,Train
"10+66
",10,66,76,Train
" 3+11
",3,11,14,Train
"66+18
",66,18,84,Train
"88+82
",88,82,170,Train
"79+37
",79,37,116,Train
"94+68
",94,68,162,Train
" 4+64
",4,64,68,Train
"93+19
",93,19,112,Train
" 7+67
",7,67,74,Train
"74+71
",74,71,145,Train
"49+57
",49,57,106,Train
"48+47
",48,47,95,Train
"35+19
",35,19,54,Train
"70+22
",70,22,92,Train
"10+31
",10,31,41,Train
" 6+55
",6,55,61,Train
"25+44
",25,44,69,Train
"64+94
",64,94,158,Train
"26+94
",26,94,120,Train
"91+51
",91,51,142,Train
"94+96
",94,96,190,Train
"65+12
",65,12,77,Train
"47+13
",47,13,60,Train
"27+96
",27,96,123,Train
"52+33
",52,33,85,Train
"71+89
",71,89,160,Train
" 94+6
",94,6,100,Train
"62+58
",62,58,120,Train
"41+62
",41,62,103,Train
"31+37
",31,37,68,Train
"44+41
",44,41,85,Train
"99+46
",99,46,145,Train
"53+37
",53,37,90,Train
"27+29
",27,29,56,Train
"51+17
",51,17,68,Train
" 1+81
",1,81,82,Train
"50+12
",50,12,62,Train
"22+24
",22,24,46,Train
"79+52
",79,52,131,Train
"71+77
",71,77,148,Train
"92+60
",92,60,152,Train
"26+77
",26,77,103,Train
"70+56
",70,56,126,Train
"64+85
",64,85,149,Train
" 9+42
",9,42,51,Train
"31+41
",31,41,72,Train
"68+95
",68,95,163,Train
"29+17
",29,17,46,Train
"71+22
",71,22,93,Train
"85+84
",85,84,169,Train
"16+11
",16,11,27,Train
"99+70
",99,70,169,Train
"25+39
",25,39,64,Train
"70+10
",70,10,80,Train
"34+23
",34,23,57,Train
"65+55
",65,55,120,Train
" 7+22
",7,22,29,Train
"70+84
",70,84,154,Train
"86+53
",86,53,139,Train
" 72+7
",72,7,79,Train
"67+14
",67,14,81,Train
"84+96
",84,96,180,Train
"56+18
",56,18,74,Train
"52+31
",52,31,83,Train
"50+32
",50,32,82,Train
"24+42
",24,42,66,Train
"38+82
",38,82,120,Train
"10+97
",10,97,107,Train
"88+17
",88,17,105,Train
" 6+27
",6,27,33,Train
"68+36
",68,36,104,Train
"10+53
",10,53,63,Train
" 76+2
",76,2,78,Train
"83+74
",83,74,157,Train
"23+93
",23,93,116,Train
"37+67
",37,67,104,Train
"83+22
",83,22,105,Train
"64+57
",64,57,121,Train
"87+14
",87,14,101,Train
"93+57
",93,57,150,Train
" 1+93
",1,93,94,Train
" 2+68
",2,68,70,Train
"64+40
",64,40,104,Train
"81+51
",81,51,132,Train
" 6+24
",6,24,30,Train
"68+42
",68,42,110,Train
"77+88
",77,88,165,Train
"69+16
",69,16,85,Train
"48+92
",48,92,140,Train
" 69+5
",69,5,74,Train
"45+37
",45,37,82,Train
"16+49
",16,49,65,Train
"76+97
",76,97,173,Train
" 25+2
",25,2,27,Train
"86+61
",86,61,147,Train
"86+48
",86,48,134,Train
"97+22
",97,22,119,Train
"84+70
",84,70,154,Train
"83+40
",83,40,123,Train
"62+15
",62,15,77,Train
"20+95
",20,95,115,Train
"47+31
",47,31,78,Train
"88+21
",88,21,109,Train
"27+74
",27,74,101,Train
"53+52
",53,52,105,Train
"35+48
",35,48,83,Train
"67+35
",67,35,102,Train
"34+67
",34,67,101,Train
"43+19
",43,19,62,Train
"40+22
",40,22,62,Train
"75+71
",75,71,146,Train
"10+58
",10,58,68,Train
"64+47
",64,47,111,Train
"17+33
",17,33,50,Train
"30+97
",30,97,127,Train
"56+87
",56,87,143,Train
" 4+23
",4,23,27,Train
"87+12
",87,12,99,Train
"70+53
",70,53,123,Train
"25+97
",25,97,122,Train
"55+29
",55,29,84,Train
"84+60
",84,60,144,Train
"84+22
",84,22,106,Train
"19+82
",19,82,101,Train
"42+45
",42,45,87,Train
"67+45
",67,45,112,Train
" 81+8
",81,8,89,Train
"59+95
",59,95,154,Train
"26+21
",26,21,47,Train
" 13+0
",13,0,13,Train
"34+73
",34,73,107,Train
"84+86
",84,86,170,Train
" 5+42
",5,42,47,Train
"73+40
",73,40,113,Train
"21+36
",21,36,57,Train
"20+83
",20,83,103,Train
"26+17
",26,17,43,Train
" 6+48
",6,48,54,Train
"  5+2
",5,2,7,Train
"86+84
",86,84,170,Train
"88+79
",88,79,167,Train
"77+31
",77,31,108,Train
"14+15
",14,15,29,Train
"92+35
",92,35,127,Train
" 4+66
",4,66,70,Train
"51+73
",51,73,124,Train
"70+40
",70,40,110,Train
"16+62
",16,62,78,Train
"98+99
",98,99,197,Train
"41+25
",41,25,66,Train
"50+52
",50,52,102,Train
"72+29
",72,29,101,Train
"42+22
",42,22,64,Train
" 78+3
",78,3,81,Train
"85+25
",85,25,110,Train
"87+29
",87,29,116,Train
"76+73
",76,73,149,Train
"18+66
",18,66,84,Train
"40+94
",40,94,134,Train
"18+41
",18,41,59,Train
" 99+0
",99,0,99,Train
"51+96
",51,96,147,Train
"32+56
",32,56,88,Train
"29+82
",29,82,111,Train
"14+10
",14,10,24,Train
"91+77
",91,77,168,Train
"24+88
",24,88,112,Train
"40+48
",40,48,88,Train
" 12+9
",12,9,21,Train
" 7+23
",7,23,30,Train
" 71+0
",71,0,71,Train
"94+62
",94,62,156,Train
"18+24
",18,24,42,Train
"22+96
",22,96,118,Train
" 49+0
",49,0,49,Train
"43+16
",43,16,59,Train
"66+82
",66,82,148,Train
"67+53
",67,53,120,Train
"24+22
",24,22,46,Train
"26+29
",26,29,55,Train
"27+62
",27,62,89,Train
"95+81
",95,81,176,Train
"71+37
",71,37,108,Train
"55+53
",55,53,108,Train
"67+18
",67,18,85,Train
"82+85
",82,85,167,Train
"30+94
",30,94,124,Train
"32+16
",32,16,48,Train
"35+78
",35,78,113,Train
"13+78
",13,78,91,Train
" 49+9
",49,9,58,Train
" 8+75
",8,75,83,Train
"45+99
",45,99,144,Train
"85+90
",85,90,175,Train
" 5+26
",5,26,31,Train
"79+66
",79,66,145,Train
"69+62
",69,62,131,Train
"90+64
",90,64,154,Train
"13+93
",13,93,106,Train
"48+46
",48,46,94,Train
"90+54
",90,54,144,Train
"53+12
",53,12,65,Train
" 9+81
",9,81,90,Train
"49+74
",49,74,123,Train
"70+37
",70,37,107,Train
"29+84
",29,84,113,Train
"39+25
",39,25,64,Train
"41+65
",41,65,106,Train
" 5+57
",5,57,62,Train
"63+34
",63,34,97,Train
"17+41
",17,41,58,Train
"26+22
",26,22,48,Train
" 0+29
",0,29,29,Train
" 8+36
",8,36,44,Train
"46+92
",46,92,138,Train
" 49+3
",49,3,52,Train
"16+86
",16,86,102,Train
"12+47
",12,47,59,Train
"14+66
",14,66,80,Train
"33+46
",33,46,79,Train
"59+76
",59,76,135,Train
"86+97
",86,97,183,Train
"44+82
",44,82,126,Train
"82+62
",82,62,144,Train
" 2+33
",2,33,35,Train
" 22+6
",22,6,28,Train
" 37+2
",37,2,39,Train
"87+50
",87,50,137,Train
"73+66
",73,66,139,Train
"14+90
",14,90,104,Train
"86+63
",86,63,149,Train
"62+12
",62,12,74,Train
"46+77
",46,77,123,Train
"97+63
",97,63,160,Train
"46+84
",46,84,130,Train
"72+85
",72,85,157,Train
"53+80
",53,80,133,Train
" 7+32
",7,32,39,Train
"56+40
",56,40,96,Train
"50+75
",50,75,125,Train
" 97+3
",97,3,100,Train
"42+52
",42,52,94,Train
"66+36
",66,36,102,Train
" 54+3
",54,3,57,Train
"84+90
",84,90,174,Train
"82+74
",82,74,156,Train
"62+56
",62,56,118,Train
" 7+78
",7,78,85,Train
"52+59
",52,59,111,Train
"53+46
",53,46,99,Train
"22+95
",22,95,117,Train
"13+61
",13,61,74,Train
"59+19
",59,19,78,Train
"93+81
",93,81,174,Train
"74+40
",74,40,114,Train
"40+51
",40,51,91,Train
"69+32
",69,32,101,Train
"50+17
",50,17,67,Train
"22+75
",22,75,97,Train
"14+45
",14,45,59,Train
"92+38
",92,38,130,Train
"70+55
",70,55,125,Train
"43+91
",43,91,134,Train
"60+51
",60,51,111,Train
"64+78
",64,78,142,Train
" 11+6
",11,6,17,Train
"45+35
",45,35,80,Train
"20+21
",20,21,41,Train
"33+45
",33,45,78,Train
"62+32
",62,32,94,Train
"62+84
",62,84,146,Train
"82+57
",82,57,139,Train
" 93+2
",93,2,95,Train
"32+29
",32,29,61,Train
"64+98
",64,98,162,Train
"84+32
",84,32,116,Train
"82+17
",82,17,99,Train
"38+99
",38,99,137,Train
"46+40
",46,40,86,Train
"52+60
",52,60,112,Train
"72+78
",72,78,150,Train
"66+53
",66,53,119,Train
"35+23
",35,23,58,Train
" 60+0
",60,0,60,Train
"22+25
",22,25,47,Train
"64+70
",64,70,134,Train
"12+29
",12,29,41,Train
"74+25
",74,25,99,Train
"23+19
",23,19,42,Train
"89+54
",89,54,143,Train
"58+66
",58,66,124,Train
"48+18
",48,18,66,Train
"69+91
",69,91,160,Train
"90+56
",90,56,146,Train
"48+55
",48,55,103,Train
"13+17
",13,17,30,Train
"13+85
",13,85,98,Train
"  8+2
",8,2,10,Train
" 7+77
",7,77,84,Train
" 4+93
",4,93,97,Train
"91+45
",91,45,136,Train
"86+89
",86,89,175,Train
"33+59
",33,59,92,Train
"29+74
",29,74,103,Train
"  5+5
",5,5,10,Train
"56+36
",56,36,92,Train
"88+47
",88,47,135,Train
"15+98
",15,98,113,Train
"52+81
",52,81,133,Train
" 28+0
",28,0,28,Train
"16+74
",16,74,90,Train
"70+24
",70,24,94,Train
"67+34
",67,34,101,Train
"99+61
",99,61,160,Train
"44+92
",44,92,136,Train
"42+32
",42,32,74,Train
"13+60
",13,60,73,Train
" 3+47
",3,47,50,Train
"55+68
",55,68,123,Train
"33+97
",33,97,130,Train
" 98+5
",98,5,103,Train
"63+27
",63,27,90,Train
"16+41
",16,41,57,Train
"34+34
",34,34,68,Train
"97+33
",97,33,130,Train
"84+83
",84,83,167,Train
"75+78
",75,78,153,Train
"36+37
",36,37,73,Train
"54+76
",54,76,130,Train
"73+49
",73,49,122,Train
" 6+32
",6,32,38,Train
"37+52
",37,52,89,Train
"19+18
",19,18,37,Train
" 58+4
",58,4,62,Train
" 5+40
",5,40,45,Train
"22+40
",22,40,62,Train
"94+54
",94,54,148,Train
"10+98
",10,98,108,Train
"86+76
",86,76,162,Train
"87+13
",87,13,100,Train
" 5+99
",5,99,104,Train
"39+12
",39,12,51,Train
"23+38
",23,38,61,Train
"42+43
",42,43,85,Train
"92+34
",92,34,126,Train
" 95+0
",95,0,95,Train
"94+86
",94,86,180,Train
"30+31
",30,31,61,Train
" 73+9
",73,9,82,Train
"30+95
",30,95,125,Train
"22+41
",22,41,63,Train
" 11+8
",11,8,19,Train
"74+83
",74,83,157,Train
" 8+82
",8,82,90,Train
" 9+15
",9,15,24,Train
"  9+5
",9,5,14,Train
"56+95
",56,95,151,Train
"90+41
",90,41,131,Train
"63+92
",63,92,155,Train
"81+44
",81,44,125,Train
"91+88
",91,88,179,Train
"18+25
",18,25,43,Train
"23+60
",23,60,83,Train
"13+21
",13,21,34,Train
"39+10
",39,10,49,Train
"  9+6
",9,6,15,Train
"62+50
",62,50,112,Train
" 37+9
",37,9,46,Train
"28+22
",28,22,50,Train
"61+54
",61,54,115,Train
"72+88
",72,88,160,Train
" 14+2
",14,2,16,Train
"48+42
",48,42,90,Train
"11+96
",11,96,107,Train
"71+33
",71,33,104,Train
" 42+1
",42,1,43,Train
"37+39
",37,39,76,Train
"65+83
",65,83,148,Train
" 3+35
",3,35,38,Train
"38+24
",38,24,62,Train
"74+34
",74,34,108,Train
"88+93
",88,93,181,Train
"54+56
",54,56,110,Train
" 2+96
",2,96,98,Train
" 0+58
",0,58,58,Train
"94+82
",94,82,176,Train
"85+28
",85,28,113,Train
" 8+37
",8,37,45,Train
" 70+4
",70,4,74,Train
"98+57
",98,57,155,Train
"23+26
",23,26,49,Train
"14+36
",14,36,50,Train
"84+97
",84,97,181,Train
"65+18
",65,18,83,Train
"37+97
",37,97,134,Train
" 31+9
",31,9,40,Train
" 7+83
",7,83,90,Train
"89+90
",89,90,179,Train
"96+39
",96,39,135,Train
"12+46
",12,46,58,Train
"91+38
",91,38,129,Train
"34+20
",34,20,54,Train
" 76+7
",76,7,83,Train
" 2+73
",2,73,75,Train
"31+42
",31,42,73,Train
"52+65
",52,65,117,Train
" 8+28
",8,28,36,Train
"30+92
",30,92,122,Train
"44+81
",44,81,125,Train
"27+15
",27,15,42,Train
"32+84
",32,84,116,Train
"65+30
",65,30,95,Train
" 19+3
",19,3,22,Train
"50+51
",50,51,101,Train
"16+54
",16,54,70,Train
"32+15
",32,15,47,Train
" 11+3
",11,3,14,Train
"70+97
",70,97,167,Train
"94+20
",94,20,114,Train
"51+85
",51,85,136,Train
"54+70
",54,70,124,Train
"74+45
",74,45,119,Train
"12+97
",12,97,109,Train
"97+21
",97,21,118,Train
"81+86
",81,86,167,Train
"60+78
",60,78,138,Train
"10+27
",10,27,37,Train
"88+24
",88,24,112,Train
"34+66
",34,66,100,Train
"77+19
",77,19,96,Train
"64+53
",64,53,117,Train
" 1+28
",1,28,29,Train
"12+60
",12,60,72,Train
"89+46
",89,46,135,Train
"16+64
",16,64,80,Train
" 84+5
",84,5,89,Train
"48+29
",48,29,77,Train
"32+26
",32,26,58,Train
" 9+33
",9,33,42,Train
"56+81
",56,81,137,Train
"55+25
",55,25,80,Train
"91+19
",91,19,110,Train
"74+38
",74,38,112,Train
"23+88
",23,88,111,Train
"74+46
",74,46,120,Train
"53+40
",53,40,93,Train
"49+46
",49,46,95,Train
"39+77
",39,77,116,Train
" 1+56
",1,56,57,Train
" 79+9
",79,9,88,Train
"57+64
",57,64,121,Train
"88+11
",88,11,99,Train
"87+66
",87,66,153,Train
"37+28
",37,28,65,Train
"  6+2
",6,2,8,Train
"36+29
",36,29,65,Train
" 3+90
",3,90,93,Train
"66+64
",66,64,130,Train
"93+23
",93,23,116,Train
"52+63
",52,63,115,Train
"33+15
",33,15,48,Train
"42+36
",42,36,78,Train
"39+62
",39,62,101,Train
"38+90
",38,90,128,Train
"47+18
",47,18,65,Train
"34+31
",34,31,65,Train
"17+34
",17,34,51,Train
" 81+9
",81,9,90,Train
" 0+21
",0,21,21,Train
"31+98
",31,98,129,Train
"15+70
",15,70,85,Train
"45+56
",45,56,101,Train
"52+52
",52,52,104,Train
"56+80
",56,80,136,Train
"30+69
",30,69,99,Train
"24+29
",24,29,53,Train
"32+43
",32,43,75,Train
" 9+17
",9,17,26,Train
" 57+8
",57,8,65,Train
" 2+13
",2,13,15,Train
"15+42
",15,42,57,Train
"35+37
",35,37,72,Train
"81+30
",81,30,111,Train
" 7+17
",7,17,24,Train
"72+42
",72,42,114,Train
"41+24
",41,24,65,Train
"69+10
",69,10,79,Train
"54+13
",54,13,67,Train
"  2+6
",2,6,8,Train
"65+88
",65,88,153,Train
"76+67
",76,67,143,Train
"59+34
",59,34,93,Train
"15+16
",15,16,31,Train
" 7+62
",7,62,69,Train
"74+70
",74,70,144,Train
" 3+39
",3,39,42,Train
" 0+72
",0,72,72,Train
"31+12
",31,12,43,Train
"69+47
",69,47,116,Train
"64+16
",64,16,80,Train
"79+56
",79,56,135,Train
"57+87
",57,87,144,Train
" 7+85
",7,85,92,Train
"56+89
",56,89,145,Train
"49+19
",49,19,68,Train
"57+66
",57,66,123,Train
"68+83
",68,83,151,Train
"28+47
",28,47,75,Train
"62+30
",62,30,92,Train
"62+93
",62,93,155,Train
"82+44
",82,44,126,Train
"65+70
",65,70,135,Train
"18+96
",18,96,114,Train
"80+97
",80,97,177,Train
"91+43
",91,43,134,Train
" 37+0
",37,0,37,Train
"81+76
",81,76,157,Train
" 55+7
",55,7,62,Train
" 39+0
",39,0,39,Train
"40+18
",40,18,58,Train
"60+92
",60,92,152,Train
"59+11
",59,11,70,Train
" 84+9
",84,9,93,Train
"13+92
",13,92,105,Train
"19+32
",19,32,51,Train
"96+53
",96,53,149,Train
"25+98
",25,98,123,Train
"31+22
",31,22,53,Train
"12+30
",12,30,42,Train
"46+41
",46,41,87,Train
" 3+70
",3,70,73,Train
"22+47
",22,47,69,Train
"94+43
",94,43,137,Train
" 50+1
",50,1,51,Train
"60+74
",60,74,134,Train
"76+40
",76,40,116,Train
"98+96
",98,96,194,Train
" 9+88
",9,88,97,Train
"82+33
",82,33,115,Train
"27+22
",27,22,49,Train
"62+43
",62,43,105,Train
"96+57
",96,57,153,Train
"10+95
",10,95,105,Train
"26+98
",26,98,124,Train
"32+31
",32,31,63,Train
"61+64
",61,64,125,Train
"25+83
",25,83,108,Train
" 92+2
",92,2,94,Train
"51+68
",51,68,119,Train
"50+65
",50,65,115,Train
"38+68
",38,68,106,Train
"34+42
",34,42,76,Train
" 1+32
",1,32,33,Train
"44+14
",44,14,58,Train
"89+76
",89,76,165,Train
"41+23
",41,23,64,Train
" 95+6
",95,6,101,Train
"19+31
",19,31,50,Train
"43+22
",43,22,65,Train
"27+52
",27,52,79,Train
"45+61
",45,61,106,Train
"69+25
",69,25,94,Train
"45+90
",45,90,135,Train
"85+39
",85,39,124,Train
"56+61
",56,61,117,Train
" 17+8
",17,8,25,Train
" 88+0
",88,0,88,Train
"92+82
",92,82,174,Train
"68+87
",68,87,155,Train
"71+71
",71,71,142,Train
"93+99
",93,99,192,Train
"39+65
",39,65,104,Train
"32+13
",32,13,45,Train
"68+12
",68,12,80,Train
" 71+6
",71,6,77,Train
" 3+85
",3,85,88,Train
"82+98
",82,98,180,Train
"95+97
",95,97,192,Train
"98+63
",98,63,161,Train
"70+12
",70,12,82,Train
"33+36
",33,36,69,Train
" 8+31
",8,31,39,Train
"18+70
",18,70,88,Train
"95+31
",95,31,126,Train
"41+72
",41,72,113,Train
"28+94
",28,94,122,Train
"72+86
",72,86,158,Train
"57+53
",57,53,110,Train
" 58+9
",58,9,67,Train
"44+19
",44,19,63,Train
"69+83
",69,83,152,Train
"85+13
",85,13,98,Train
"40+23
",40,23,63,Train
"21+41
",21,41,62,Train
"94+61
",94,61,155,Train
"21+82
",21,82,103,Train
"27+78
",27,78,105,Train
"44+88
",44,88,132,Train
"38+87
",38,87,125,Train
" 0+57
",0,57,57,Train
"59+56
",59,56,115,Train
"18+13
",18,13,31,Train
"78+63
",78,63,141,Train
"12+13
",12,13,25,Train
"62+42
",62,42,104,Train
"93+97
",93,97,190,Train
"95+35
",95,35,130,Train
"44+69
",44,69,113,Train
"74+68
",74,68,142,Train
" 9+71
",9,71,80,Train
" 33+7
",33,7,40,Train
"49+18
",49,18,67,Train
"45+16
",45,16,61,Train
" 3+33
",3,33,36,Train
"86+25
",86,25,111,Train
"95+78
",95,78,173,Train
"17+78
",17,78,95,Train
"85+65
",85,65,150,Train
"76+54
",76,54,130,Train
"53+99
",53,99,152,Train
"86+68
",86,68,154,Train
" 0+96
",0,96,96,Train
"58+44
",58,44,102,Train
"86+80
",86,80,166,Train
" 75+5
",75,5,80,Train
"99+72
",99,72,171,Train
"72+18
",72,18,90,Train
" 5+93
",5,93,98,Train
"43+27
",43,27,70,Train
"31+82
",31,82,113,Train
"20+45
",20,45,65,Train
" 90+9
",90,9,99,Train
"63+49
",63,49,112,Train
"41+22
",41,22,63,Train
"56+34
",56,34,90,Train
" 85+1
",85,1,86,Train
"35+57
",35,57,92,Train
"13+49
",13,49,62,Train
"68+30
",68,30,98,Train
"93+53
",93,53,146,Train
"33+92
",33,92,125,Train
" 0+95
",0,95,95,Train
"61+23
",61,23,84,Train
" 1+29
",1,29,30,Train
"20+50
",20,50,70,Train
" 0+34
",0,34,34,Train
"27+81
",27,81,108,Train
"82+80
",82,80,162,Train
"62+79
",62,79,141,Train
" 56+8
",56,8,64,Train
"44+38
",44,38,82,Train
"78+86
",78,86,164,Train
" 40+1
",40,1,41,Train
"73+72
",73,72,145,Train
"60+21
",60,21,81,Train
" 0+75
",0,75,75,Train
"41+93
",41,93,134,Train
"21+15
",21,15,36,Train
" 1+85
",1,85,86,Train
"14+85
",14,85,99,Train
"67+69
",67,69,136,Train
"42+51
",42,51,93,Train
"76+86
",76,86,162,Train
"27+45
",27,45,72,Train
" 94+7
",94,7,101,Train
"92+28
",92,28,120,Train
"85+82
",85,82,167,Train
"48+69
",48,69,117,Train
"69+95
",69,95,164,Train
"45+62
",45,62,107,Train
"49+33
",49,33,82,Train
"25+87
",25,87,112,Train
"20+48
",20,48,68,Train
" 2+79
",2,79,81,Train
" 54+2
",54,2,56,Train
" 3+40
",3,40,43,Train
"73+44
",73,44,117,Train
"14+68
",14,68,82,Train
"42+35
",42,35,77,Train
"14+73
",14,73,87,Train
"12+73
",12,73,85,Train
"14+41
",14,41,55,Train
"85+81
",85,81,166,Train
"84+25
",84,25,109,Train
"78+94
",78,94,172,Train
"35+38
",35,38,73,Train
"70+71
",70,71,141,Train
"37+91
",37,91,128,Train
"17+56
",17,56,73,Train
" 7+70
",7,70,77,Train
"88+15
",88,15,103,Train
"94+77
",94,77,171,Train
"99+94
",99,94,193,Train
"46+99
",46,99,145,Train
"63+42
",63,42,105,Train
"85+63
",85,63,148,Train
"53+97
",53,97,150,Train
"19+67
",19,67,86,Train
"52+95
",52,95,147,Train
"50+26
",50,26,76,Train
"35+33
",35,33,68,Train
"42+95
",42,95,137,Train
"83+50
",83,50,133,Train
"85+66
",85,66,151,Train
" 80+5
",80,5,85,Train
"66+30
",66,30,96,Train
"36+43
",36,43,79,Train
"82+30
",82,30,112,Train
" 8+11
",8,11,19,Train
"22+70
",22,70,92,Train
"90+72
",90,72,162,Train
"36+76
",36,76,112,Train
"21+73
",21,73,94,Train
"68+79
",68,79,147,Train
"98+86
",98,86,184,Train
"51+28
",51,28,79,Train
" 48+6
",48,6,54,Train
"17+58
",17,58,75,Train
" 83+9
",83,9,92,Train
"65+76
",65,76,141,Train
"77+78
",77,78,155,Train
" 92+8
",92,8,100,Train
"55+91
",55,91,146,Train
"76+25
",76,25,101,Train
"19+44
",19,44,63,Train
"41+56
",41,56,97,Train
"13+34
",13,34,47,Train
"52+25
",52,25,77,Train
"15+54
",15,54,69,Train
"46+94
",46,94,140,Train
"93+43
",93,43,136,Train
"34+24
",34,24,58,Train
"15+26
",15,26,41,Train
"46+64
",46,64,110,Train
" 98+0
",98,0,98,Train
" 9+32
",9,32,41,Train
"30+33
",30,33,63,Train
" 9+79
",9,79,88,Train
" 7+75
",7,75,82,Train
" 71+3
",71,3,74,Train
"92+64
",92,64,156,Train
"78+44
",78,44,122,Train
"72+82
",72,82,154,Train
"98+41
",98,41,139,Train
"45+34
",45,34,79,Train
"76+18
",76,18,94,Train
"71+46
",71,46,117,Train
"39+49
",39,49,88,Train
"54+57
",54,57,111,Train
"61+70
",61,70,131,Train
" 5+71
",5,71,76,Train
"92+14
",92,14,106,Train
" 66+0
",66,0,66,Train
"99+28
",99,28,127,Train
" 5+28
",5,28,33,Train
" 94+8
",94,8,102,Train
" 8+79
",8,79,87,Train
"18+11
",18,11,29,Train
" 72+0
",72,0,72,Train
"12+43
",12,43,55,Train
"83+60
",83,60,143,Train
" 5+78
",5,78,83,Train
"16+76
",16,76,92,Train
"15+57
",15,57,72,Train
"95+82
",95,82,177,Train
"45+20
",45,20,65,Train
"55+63
",55,63,118,Train
"55+81
",55,81,136,Train
"18+60
",18,60,78,Train
"60+16
",60,16,76,Train
"71+34
",71,34,105,Train
"46+45
",46,45,91,Train
"16+40
",16,40,56,Train
"32+45
",32,45,77,Train
" 2+17
",2,17,19,Train
"75+57
",75,57,132,Train
" 7+82
",7,82,89,Train
"92+69
",92,69,161,Train
"61+71
",61,71,132,Train
"49+71
",49,71,120,Train
"61+25
",61,25,86,Train
"13+91
",13,91,104,Train
"40+17
",40,17,57,Train
"46+69
",46,69,115,Train
" 6+36
",6,36,42,Train
"17+70
",17,70,87,Train
" 1+31
",1,31,32,Train
"59+31
",59,31,90,Train
"99+53
",99,53,152,Train
"90+79
",90,79,169,Train
"10+52
",10,52,62,Train
"47+32
",47,32,79,Train
"32+94
",32,94,126,Train
" 0+35
",0,35,35,Train
"19+19
",19,19,38,Train
" 6+96
",6,96,102,Train
"32+85
",32,85,117,Train
"26+43
",26,43,69,Train
"33+38
",33,38,71,Train
"51+45
",51,45,96,Train
"62+89
",62,89,151,Train
"44+86
",44,86,130,Train
"73+27
",73,27,100,Train
" 1+87
",1,87,88,Train
"38+79
",38,79,117,Train
"96+11
",96,11,107,Train
"95+26
",95,26,121,Train
"88+72
",88,72,160,Train
"14+61
",14,61,75,Train
"17+82
",17,82,99,Train
"85+17
",85,17,102,Train
"92+10
",92,10,102,Train
"69+65
",69,65,134,Train
"95+70
",95,70,165,Train
"34+29
",34,29,63,Train
"76+28
",76,28,104,Train
"81+10
",81,10,91,Train
"34+63
",34,63,97,Train
"53+72
",53,72,125,Train
" 5+62
",5,62,67,Train
"12+14
",12,14,26,Train
"50+82
",50,82,132,Train
"85+58
",85,58,143,Train
"36+59
",36,59,95,Train
"10+37
",10,37,47,Train
" 51+5
",51,5,56,Train
"98+92
",98,92,190,Train
"30+86
",30,86,116,Train
"35+99
",35,99,134,Train
"78+24
",78,24,102,Train
"38+63
",38,63,101,Train
" 31+4
",31,4,35,Train
" 66+8
",66,8,74,Train
"99+78
",99,78,177,Train
"42+21
",42,21,63,Train
"65+42
",65,42,107,Train
"69+82
",69,82,151,Train
"88+32
",88,32,120,Train
"17+13
",17,13,30,Train
"93+98
",93,98,191,Train
" 7+61
",7,61,68,Train
"46+93
",46,93,139,Train
"63+31
",63,31,94,Train
"74+98
",74,98,172,Train
"22+54
",22,54,76,Train
"83+17
",83,17,100,Train
" 73+4
",73,4,77,Train
"14+50
",14,50,64,Train
" 64+0
",64,0,64,Train
"80+43
",80,43,123,Train
"79+28
",79,28,107,Train
"44+74
",44,74,118,Train
"48+95
",48,95,143,Train
" 46+9
",46,9,55,Train
"33+13
",33,13,46,Train
"82+41
",82,41,123,Train
" 67+6
",67,6,73,Train
"83+82
",83,82,165,Train
" 4+45
",4,45,49,Train
"79+71
",79,71,150,Train
" 2+55
",2,55,57,Train
" 2+86
",2,86,88,Train
" 42+6
",42,6,48,Train
"19+75
",19,75,94,Train
" 51+1
",51,1,52,Train
"74+49
",74,49,123,Train
"42+58
",42,58,100,Train
" 64+5
",64,5,69,Train
"18+39
",18,39,57,Train
"34+22
",34,22,56,Train
" 25+6
",25,6,31,Train
"23+39
",23,39,62,Train
"43+75
",43,75,118,Train
"57+95
",57,95,152,Train
"81+96
",81,96,177,Train
"12+42
",12,42,54,Train
"33+31
",33,31,64,Train
"87+95
",87,95,182,Train
" 0+79
",0,79,79,Train
"22+85
",22,85,107,Train
"81+61
",81,61,142,Train
"83+86
",83,86,169,Train
" 77+7
",77,7,84,Train
" 78+8
",78,8,86,Train
"13+56
",13,56,69,Train
"71+47
",71,47,118,Train
"64+93
",64,93,157,Train
" 66+6
",66,6,72,Train
" 8+33
",8,33,41,Train
"99+38
",99,38,137,Train
"88+46
",88,46,134,Train
"90+98
",90,98,188,Train
"24+21
",24,21,45,Train
"15+88
",15,88,103,Train
"70+80
",70,80,150,Train
"20+31
",20,31,51,Train
"54+88
",54,88,142,Train
" 0+23
",0,23,23,Train
"93+37
",93,37,130,Train
"30+90
",30,90,120,Train
"19+14
",19,14,33,Train
" 49+1
",49,1,50,Train
"22+77
",22,77,99,Train
"66+79
",66,79,145,Train
"38+98
",38,98,136,Train
"98+31
",98,31,129,Train
"77+22
",77,22,99,Train
"92+17
",92,17,109,Train
"33+32
",33,32,65,Train
"80+51
",80,51,131,Train
"78+81
",78,81,159,Train
"63+69
",63,69,132,Train
"91+10
",91,10,101,Train
"61+79
",61,79,140,Train
"66+39
",66,39,105,Train
"63+36
",63,36,99,Train
"84+73
",84,73,157,Train
"85+16
",85,16,101,Train
"79+64
",79,64,143,Train
"87+77
",87,77,164,Train
"97+46
",97,46,143,Train
"23+61
",23,61,84,Train
" 33+2
",33,2,35,Train
" 65+9
",65,9,74,Train
"66+74
",66,74,140,Train
"37+77
",37,77,114,Train
"18+89
",18,89,107,Train
"77+35
",77,35,112,Train
"47+28
",47,28,75,Train
"32+28
",32,28,60,Train
"71+65
",71,65,136,Train
"68+52
",68,52,120,Train
"59+60
",59,60,119,Train
"12+54
",12,54,66,Train
"74+41
",74,41,115,Train
"58+36
",58,36,94,Train
"65+75
",65,75,140,Train
" 70+6
",70,6,76,Train
" 69+4
",69,4,73,Train
"95+92
",95,92,187,Train
"81+28
",81,28,109,Train
"96+74
",96,74,170,Train
"90+24
",90,24,114,Train
"19+16
",19,16,35,Train
"72+89
",72,89,161,Train
" 50+0
",50,0,50,Train
"43+80
",43,80,123,Train
" 53+3
",53,3,56,Train
" 35+7
",35,7,42,Train
"17+90
",17,90,107,Train
"47+35
",47,35,82,Train
" 51+8
",51,8,59,Train
"59+87
",59,87,146,Train
"47+12
",47,12,59,Train
"50+85
",50,85,135,Train
"74+72
",74,72,146,Train
"92+49
",92,49,141,Train
"53+51
",53,51,104,Train
"44+53
",44,53,97,Train
" 1+63
",1,63,64,Train
" 42+5
",42,5,47,Train
"47+60
",47,60,107,Train
" 30+5
",30,5,35,Train
"60+80
",60,80,140,Train
"72+32
",72,32,104,Train
"63+10
",63,10,73,Train
" 1+84
",1,84,85,Train
"16+28
",16,28,44,Train
"71+91
",71,91,162,Train
"64+84
",64,84,148,Train
"43+90
",43,90,133,Train
"99+40
",99,40,139,Train
"  7+2
",7,2,9,Train
"45+27
",45,27,72,Train
"53+26
",53,26,79,Train
" 27+0
",27,0,27,Train
"18+43
",18,43,61,Train
"32+75
",32,75,107,Train
"23+52
",23,52,75,Train
"49+61
",49,61,110,Train
"15+35
",15,35,50,Train
"20+23
",20,23,43,Train
"42+76
",42,76,118,Train
"87+78
",87,78,165,Train
"20+27
",20,27,47,Train
" 4+71
",4,71,75,Train
" 8+60
",8,60,68,Train
"64+61
",64,61,125,Train
"41+76
",41,76,117,Train
" 72+4
",72,4,76,Train
"89+78
",89,78,167,Train
"94+56
",94,56,150,Train
"43+69
",43,69,112,Train
"88+86
",88,86,174,Train
"81+45
",81,45,126,Train
"78+29
",78,29,107,Train
"29+39
",29,39,68,Train
"67+58
",67,58,125,Train
"36+96
",36,96,132,Train
" 54+4
",54,4,58,Train
"98+11
",98,11,109,Train
"81+15
",81,15,96,Train
"17+19
",17,19,36,Train
"21+47
",21,47,68,Train
"17+21
",17,21,38,Train
"86+24
",86,24,110,Train
"65+46
",65,46,111,Train
"64+65
",64,65,129,Train
"77+49
",77,49,126,Train
"91+87
",91,87,178,Train
"38+38
",38,38,76,Train
"21+75
",21,75,96,Train
"33+25
",33,25,58,Train
"67+16
",67,16,83,Train
"63+61
",63,61,124,Train
"86+11
",86,11,97,Train
" 3+87
",3,87,90,Train
"90+76
",90,76,166,Train
"31+80
",31,80,111,Train
"44+64
",44,64,108,Train
" 80+6
",80,6,86,Train
"61+51
",61,51,112,Train
" 25+3
",25,3,28,Train
"47+66
",47,66,113,Train
" 66+9
",66,9,75,Train
"79+48
",79,48,127,Train
"80+79
",80,79,159,Train
"21+66
",21,66,87,Train
" 9+55
",9,55,64,Train
"23+53
",23,53,76,Train
" 2+30
",2,30,32,Train
" 54+0
",54,0,54,Train
" 91+3
",91,3,94,Train
"36+88
",36,88,124,Train
"23+20
",23,20,43,Train
"62+10
",62,10,72,Train
"25+57
",25,57,82,Train
"83+19
",83,19,102,Train
"18+19
",18,19,37,Train
"38+41
",38,41,79,Train
"23+32
",23,32,55,Train
"11+65
",11,65,76,Train
"40+63
",40,63,103,Train
" 9+11
",9,11,20,Train
" 70+2
",70,2,72,Train
"91+50
",91,50,141,Train
"94+32
",94,32,126,Train
"46+66
",46,66,112,Train
" 13+8
",13,8,21,Train
" 3+95
",3,95,98,Train
"63+22
",63,22,85,Train
"86+85
",86,85,171,Train
"12+19
",12,19,31,Train
"71+15
",71,15,86,Train
"61+59
",61,59,120,Train
"70+39
",70,39,109,Train
"63+90
",63,90,153,Train
"89+45
",89,45,134,Train
"67+26
",67,26,93,Train
"87+71
",87,71,158,Train
"93+62
",93,62,155,Train
"37+62
",37,62,99,Train
"96+36
",96,36,132,Train
"34+52
",34,52,86,Train
"50+76
",50,76,126,Train
"33+49
",33,49,82,Train
"56+58
",56,58,114,Train
"62+54
",62,54,116,Train
" 35+4
",35,4,39,Train
"21+35
",21,35,56,Train
"67+48
",67,48,115,Train
"40+90
",40,90,130,Train
"84+46
",84,46,130,Train
" 43+6
",43,6,49,Train
"69+56
",69,56,125,Train
" 59+4
",59,4,63,Train
"40+42
",40,42,82,Train
"41+59
",41,59,100,Train
"21+71
",21,71,92,Train
"51+26
",51,26,77,Train
" 2+90
",2,90,92,Train
"19+51
",19,51,70,Train
"  9+4
",9,4,13,Train
" 55+2
",55,2,57,Train
"59+93
",59,93,152,Train
"25+27
",25,27,52,Train
"51+22
",51,22,73,Train
" 7+66
",7,66,73,Train
"28+80
",28,80,108,Train
" 6+14
",6,14,20,Train
" 1+10
",1,10,11,Train
"77+27
",77,27,104,Train
"51+77
",51,77,128,Train
"68+38
",68,38,106,Train
"52+12
",52,12,64,Train
"44+71
",44,71,115,Train
"39+64
",39,64,103,Train
"24+57
",24,57,81,Train
"50+96
",50,96,146,Train
"51+49
",51,49,100,Train
"15+89
",15,89,104,Train
"68+25
",68,25,93,Train
"18+74
",18,74,92,Train
"  7+0
",7,0,7,Train
"82+15
",82,15,97,Train
"43+61
",43,61,104,Train
"37+14
",37,14,51,Train
"67+78
",67,78,145,Train
"46+54
",46,54,100,Train
" 30+1
",30,1,31,Train
"58+98
",58,98,156,Train
" 5+44
",5,44,49,Train
"76+30
",76,30,106,Train
"59+21
",59,21,80,Train
"83+80
",83,80,163,Train
"26+84
",26,84,110,Train
"20+81
",20,81,101,Train
"24+85
",24,85,109,Train
"32+42
",32,42,74,Train
"80+64
",80,64,144,Train
"93+44
",93,44,137,Train
"48+50
",48,50,98,Train
" 1+97
",1,97,98,Train
"48+76
",48,76,124,Train
"11+75
",11,75,86,Train
" 36+8
",36,8,44,Train
"90+52
",90,52,142,Train
"35+31
",35,31,66,Train
"72+98
",72,98,170,Train
"47+71
",47,71,118,Train
"79+95
",79,95,174,Train
" 8+39
",8,39,47,Train
"16+75
",16,75,91,Train
"23+69
",23,69,92,Train
"65+23
",65,23,88,Train
"59+96
",59,96,155,Train
"68+55
",68,55,123,Train
"34+35
",34,35,69,Train
"29+60
",29,60,89,Train
"29+97
",29,97,126,Train
"15+81
",15,81,96,Train
"22+11
",22,11,33,Train
"33+55
",33,55,88,Train
"13+32
",13,32,45,Train
"31+96
",31,96,127,Train
" 8+71
",8,71,79,Train
"15+79
",15,79,94,Train
"41+27
",41,27,68,Train
"83+81
",83,81,164,Train
"35+60
",35,60,95,Train
"38+43
",38,43,81,Train
" 92+1
",92,1,93,Train
"67+24
",67,24,91,Train
"76+15
",76,15,91,Train
"66+61
",66,61,127,Train
"40+71
",40,71,111,Train
"25+59
",25,59,84,Train
"73+29
",73,29,102,Train
"48+66
",48,66,114,Train
"68+60
",68,60,128,Train
" 0+49
",0,49,49,Train
"30+88
",30,88,118,Train
"65+81
",65,81,146,Train
"58+71
",58,71,129,Train
"51+57
",51,57,108,Train
"78+42
",78,42,120,Train
"22+73
",22,73,95,Train
"54+16
",54,16,70,Train
"65+68
",65,68,133,Train
" 6+34
",6,34,40,Train
"25+49
",25,49,74,Train
"69+12
",69,12,81,Train
"38+20
",38,20,58,Train
"47+49
",47,49,96,Train
"76+44
",76,44,120,Train
"17+10
",17,10,27,Train
"21+97
",21,97,118,Train
"44+24
",44,24,68,Train
"90+94
",90,94,184,Train
"70+33
",70,33,103,Train
"90+18
",90,18,108,Train
"73+34
",73,34,107,Train
"22+92
",22,92,114,Train
"85+93
",85,93,178,Train
"71+29
",71,29,100,Train
"32+88
",32,88,120,Train
"17+53
",17,53,70,Train
"37+87
",37,87,124,Train
"71+55
",71,55,126,Train
"61+29
",61,29,90,Train
"94+70
",94,70,164,Train
"22+56
",22,56,78,Train
" 98+7
",98,7,105,Train
"42+48
",42,48,90,Train
"  1+7
",1,7,8,Train
"84+48
",84,48,132,Train
"49+51
",49,51,100,Train
"57+98
",57,98,155,Train
"51+99
",51,99,150,Train
" 13+1
",13,1,14,Train
"89+85
",89,85,174,Train
"53+73
",53,73,126,Train
"78+52
",78,52,130,Train
" 49+6
",49,6,55,Train
"41+12
",41,12,53,Train
"60+17
",60,17,77,Train
" 57+6
",57,6,63,Train
"94+53
",94,53,147,Train
"63+88
",63,88,151,Train
"98+26
",98,26,124,Train
"21+72
",21,72,93,Train
"55+14
",55,14,69,Train
"23+45
",23,45,68,Train
"67+56
",67,56,123,Train
"78+35
",78,35,113,Train
"36+85
",36,85,121,Train
"79+17
",79,17,96,Train
"  0+4
",0,4,4,Train
"90+80
",90,80,170,Train
"28+56
",28,56,84,Train
"16+32
",16,32,48,Train
" 6+10
",6,10,16,Train
"55+21
",55,21,76,Train
"90+58
",90,58,148,Train
"95+93
",95,93,188,Train
"59+71
",59,71,130,Train
"56+60
",56,60,116,Train
"28+10
",28,10,38,Train
"51+24
",51,24,75,Train
"20+86
",20,86,106,Train
"47+40
",47,40,87,Train
"60+10
",60,10,70,Train
"70+35
",70,35,105,Train
"92+74
",92,74,166,Train
"11+11
",11,11,22,Train
"53+30
",53,30,83,Train
" 22+5
",22,5,27,Train
"42+44
",42,44,86,Train
"46+19
",46,19,65,Train
"14+94
",14,94,108,Train
"31+14
",31,14,45,Train
"60+48
",60,48,108,Train
" 0+22
",0,22,22,Train
"68+31
",68,31,99,Train
"57+94
",57,94,151,Train
"61+41
",61,41,102,Train
"56+76
",56,76,132,Train
"53+35
",53,35,88,Train
"77+21
",77,21,98,Train
"15+17
",15,17,32,Train
"72+95
",72,95,167,Train
" 11+4
",11,4,15,Train
"88+89
",88,89,177,Train
" 7+74
",7,74,81,Train
" 2+64
",2,64,66,Train
" 2+40
",2,40,42,Train
"36+42
",36,42,78,Train
"44+33
",44,33,77,Train
" 1+66
",1,66,67,Train
"15+87
",15,87,102,Train
"84+79
",84,79,163,Train
"59+99
",59,99,158,Train
"38+49
",38,49,87,Train
"67+37
",67,37,104,Train
"39+26
",39,26,65,Train
"24+14
",24,14,38,Train
"37+30
",37,30,67,Train
" 9+94
",9,94,103,Train
"17+98
",17,98,115,Train
"56+13
",56,13,69,Train
"85+46
",85,46,131,Train
"67+87
",67,87,154,Train
" 1+43
",1,43,44,Train
"52+20
",52,20,72,Train
"86+91
",86,91,177,Train
" 9+28
",9,28,37,Train
"63+82
",63,82,145,Train
"80+13
",80,13,93,Train
"49+80
",49,80,129,Train
"73+32
",73,32,105,Train
"60+61
",60,61,121,Train
"72+93
",72,93,165,Train
" 11+7
",11,7,18,Train
"91+26
",91,26,117,Train
"57+23
",57,23,80,Train
"48+53
",48,53,101,Train
"71+10
",71,10,81,Train
" 8+97
",8,97,105,Train
"71+36
",71,36,107,Train
"46+33
",46,33,79,Train
"11+46
",11,46,57,Train
"85+21
",85,21,106,Train
"12+53
",12,53,65,Train
"12+58
",12,58,70,Train
"45+85
",45,85,130,Train
"72+56
",72,56,128,Train
"61+18
",61,18,79,Train
" 5+75
",5,75,80,Train
"76+46
",76,46,122,Train
"81+93
",81,93,174,Train
"26+96
",26,96,122,Train
"47+91
",47,91,138,Train
"28+83
",28,83,111,Train
" 99+3
",99,3,102,Train
"25+42
",25,42,67,Train
"48+24
",48,24,72,Train
"56+43
",56,43,99,Train
"27+54
",27,54,81,Train
"73+50
",73,50,123,Train
"73+64
",73,64,137,Train
"30+93
",30,93,123,Train
"59+30
",59,30,89,Train
"62+64
",62,64,126,Train
"15+77
",15,77,92,Train
"96+52
",96,52,148,Train
"37+65
",37,65,102,Train
"93+71
",93,71,164,Train
"77+95
",77,95,172,Train
"90+32
",90,32,122,Train
" 49+7
",49,7,56,Train
"72+70
",72,70,142,Train
"80+40
",80,40,120,Train
"14+47
",14,47,61,Train
" 2+22
",2,22,24,Train
"12+40
",12,40,52,Train
"75+49
",75,49,124,Train
"73+56
",73,56,129,Train
"72+37
",72,37,109,Train
"54+46
",54,46,100,Train
"15+33
",15,33,48,Train
"87+98
",87,98,185,Train
"68+96
",68,96,164,Train
"49+93
",49,93,142,Train
"70+29
",70,29,99,Train
" 84+3
",84,3,87,Train
"80+30
",80,30,110,Train
"82+43
",82,43,125,Train
"34+30
",34,30,64,Train
" 4+57
",4,57,61,Train
"11+59
",11,59,70,Train
"  4+8
",4,8,12,Train
"49+23
",49,23,72,Train
" 82+6
",82,6,88,Train
" 99+7
",99,7,106,Train
"86+65
",86,65,151,Train
"91+16
",91,16,107,Train
" 30+4
",30,4,34,Train
"74+42
",74,42,116,Train
"52+98
",52,98,150,Train
"20+77
",20,77,97,Train
"98+39
",98,39,137,Train
" 7+36
",7,36,43,Train
"32+10
",32,10,42,Train
" 96+3
",96,3,99,Train
"  8+5
",8,5,13,Train
"76+88
",76,88,164,Train
"96+15
",96,15,111,Train
"96+46
",96,46,142,Train
"19+30
",19,30,49,Train
" 0+99
",0,99,99,Train
"72+77
",72,77,149,Train
"90+62
",90,62,152,Train
"67+30
",67,30,97,Train
" 6+37
",6,37,43,Train
"87+64
",87,64,151,Train
"48+72
",48,72,120,Train
"56+10
",56,10,66,Train
"26+25
",26,25,51,Train
"27+71
",27,71,98,Train
"31+64
",31,64,95,Train
"35+54
",35,54,89,Train
" 8+53
",8,53,61,Train
"28+50
",28,50,78,Train
"37+61
",37,61,98,Train
" 82+8
",82,8,90,Train
"60+42
",60,42,102,Train
" 38+4
",38,4,42,Train
"33+91
",33,91,124,Train
"29+86
",29,86,115,Train
"23+47
",23,47,70,Train
"68+43
",68,43,111,Train
"24+64
",24,64,88,Train
" 5+41
",5,41,46,Train
"54+79
",54,79,133,Train
"61+89
",61,89,150,Train
"38+46
",38,46,84,Train
"27+93
",27,93,120,Train
"72+25
",72,25,97,Train
"98+34
",98,34,132,Train
" 0+27
",0,27,27,Train
"81+72
",81,72,153,Train
"21+13
",21,13,34,Train
" 97+1
",97,1,98,Train
"85+69
",85,69,154,Train
"42+96
",42,96,138,Train
"99+63
",99,63,162,Train
"80+81
",80,81,161,Train
"52+97
",52,97,149,Train
"87+67
",87,67,154,Train
" 1+73
",1,73,74,Train
"88+19
",88,19,107,Train
" 75+2
",75,2,77,Train
" 96+5
",96,5,101,Train
"24+78
",24,78,102,Train
"67+89
",67,89,156,Train
"75+23
",75,23,98,Train
"32+99
",32,99,131,Train
"44+12
",44,12,56,Train
"62+39
",62,39,101,Train
"85+73
",85,73,158,Train
"62+65
",62,65,127,Train
" 25+0
",25,0,25,Train
" 18+0
",18,0,18,Train
"10+56
",10,56,66,Train
" 7+21
",7,21,28,Train
"71+59
",71,59,130,Train
"61+76
",61,76,137,Train
"67+21
",67,21,88,Train
"87+49
",87,49,136,Train
"40+12
",40,12,52,Train
"92+65
",92,65,157,Train
"27+36
",27,36,63,Train
"60+65
",60,65,125,Train
"90+30
",90,30,120,Train
"79+97
",79,97,176,Train
"87+45
",87,45,132,Train
"97+50
",97,50,147,Train
"78+92
",78,92,170,Train
"46+86
",46,86,132,Train
"29+30
",29,30,59,Train
" 73+1
",73,1,74,Train
"70+77
",70,77,147,Train
"23+99
",23,99,122,Train
"33+81
",33,81,114,Train
" 51+9
",51,9,60,Train
"57+13
",57,13,70,Train
"26+56
",26,56,82,Train
"46+90
",46,90,136,Train
"73+53
",73,53,126,Train
"60+71
",60,71,131,Train
"  6+0
",6,0,6,Train
" 76+6
",76,6,82,Train
" 90+4
",90,4,94,Train
"78+30
",78,30,108,Train
"94+89
",94,89,183,Train
"66+23
",66,23,89,Train
"25+33
",25,33,58,Train
"62+21
",62,21,83,Train
"77+99
",77,99,176,Train
"40+50
",40,50,90,Train
"50+53
",50,53,103,Train
" 14+5
",14,5,19,Train
"50+55
",50,55,105,Train
"87+32
",87,32,119,Train
"49+10
",49,10,59,Train
" 80+1
",80,1,81,Train
"20+56
",20,56,76,Train
"64+30
",64,30,94,Train
"28+44
",28,44,72,Train
" 6+68
",6,68,74,Train
" 5+66
",5,66,71,Train
"38+60
",38,60,98,Train
"23+65
",23,65,88,Train
"68+37
",68,37,105,Train
"12+80
",12,80,92,Train
"67+86
",67,86,153,Train
"16+84
",16,84,100,Train
" 51+7
",51,7,58,Train
"91+12
",91,12,103,Train
"18+30
",18,30,48,Train
" 53+5
",53,5,58,Train
"77+79
",77,79,156,Train
"67+97
",67,97,164,Train
"39+81
",39,81,120,Train
"73+87
",73,87,160,Train
"72+87
",72,87,159,Train
"52+42
",52,42,94,Train
"34+43
",34,43,77,Train
"74+21
",74,21,95,Train
"88+98
",88,98,186,Train
"37+66
",37,66,103,Train
"36+50
",36,50,86,Train
"57+29
",57,29,86,Train
"38+21
",38,21,59,Train
" 41+8
",41,8,49,Train
"75+80
",75,80,155,Train
" 6+51
",6,51,57,Train
"58+55
",58,55,113,Train
"87+53
",87,53,140,Train
"28+67
",28,67,95,Train
"92+66
",92,66,158,Train
"16+97
",16,97,113,Train
"33+78
",33,78,111,Train
"13+68
",13,68,81,Train
"27+57
",27,57,84,Train
"78+91
",78,91,169,Train
"96+21
",96,21,117,Train
"58+19
",58,19,77,Train
"32+48
",32,48,80,Train
"44+60
",44,60,104,Train
"21+69
",21,69,90,Train
"66+43
",66,43,109,Train
" 31+1
",31,1,32,Train
"33+71
",33,71,104,Train
" 9+44
",9,44,53,Train
"64+88
",64,88,152,Train
"44+34
",44,34,78,Train
"41+32
",41,32,73,Train
"28+90
",28,90,118,Train
"83+97
",83,97,180,Train
"35+17
",35,17,52,Train
"22+71
",22,71,93,Train
"28+79
",28,79,107,Train
"95+90
",95,90,185,Train
" 0+76
",0,76,76,Train
"48+99
",48,99,147,Train
"90+57
",90,57,147,Train
"41+70
",41,70,111,Train
"43+67
",43,67,110,Train
"13+96
",13,96,109,Train
"59+62
",59,62,121,Train
"83+51
",83,51,134,Train
"36+47
",36,47,83,Train
"57+26
",57,26,83,Train
"24+19
",24,19,43,Train
"80+52
",80,52,132,Train
" 4+95
",4,95,99,Train
"63+57
",63,57,120,Train
" 91+2
",91,2,93,Train
" 82+0
",82,0,82,Train
"46+58
",46,58,104,Train
" 81+3
",81,3,84,Train
"56+27
",56,27,83,Train
"61+73
",61,73,134,Train
" 4+63
",4,63,67,Train
"25+62
",25,62,87,Train
"49+36
",49,36,85,Train
"59+64
",59,64,123,Train
" 4+26
",4,26,30,Train
"47+19
",47,19,66,Train
" 5+52
",5,52,57,Train
"91+67
",91,67,158,Train
"77+69
",77,69,146,Train
" 0+85
",0,85,85,Train
" 7+30
",7,30,37,Train
"14+77
",14,77,91,Train
"10+78
",10,78,88,Train
"96+16
",96,16,112,Train
"11+81
",11,81,92,Train
" 91+8
",91,8,99,Train
"77+73
",77,73,150,Train
"94+51
",94,51,145,Train
"89+44
",89,44,133,Train
" 83+7
",83,7,90,Train
"47+33
",47,33,80,Train
" 69+2
",69,2,71,Train
"82+65
",82,65,147,Train
"91+80
",91,80,171,Train
"29+66
",29,66,95,Train
"36+52
",36,52,88,Train
"60+35
",60,35,95,Train
"74+36
",74,36,110,Train
" 6+98
",6,98,104,Train
" 2+45
",2,45,47,Train
"66+38
",66,38,104,Train
" 3+81
",3,81,84,Train
"67+94
",67,94,161,Train
"91+30
",91,30,121,Train
" 30+3
",30,3,33,Train
"82+46
",82,46,128,Train
"33+21
",33,21,54,Train
"42+39
",42,39,81,Train
" 4+65
",4,65,69,Train
"26+60
",26,60,86,Train
" 1+38
",1,38,39,Train
"65+48
",65,48,113,Train
" 46+7
",46,7,53,Train
"46+23
",46,23,69,Train
"40+47
",40,47,87,Train
"84+16
",84,16,100,Train
"56+96
",56,96,152,Train
" 6+65
",6,65,71,Train
"80+11
",80,11,91,Train
"27+34
",27,34,61,Train
"48+58
",48,58,106,Train
"30+29
",30,29,59,Train
"73+84
",73,84,157,Train
"97+34
",97,34,131,Train
"63+95
",63,95,158,Train
" 6+77
",6,77,83,Train
" 1+12
",1,12,13,Train
"80+41
",80,41,121,Train
"27+27
",27,27,54,Train
" 78+1
",78,1,79,Train
"38+42
",38,42,80,Train
"57+52
",57,52,109,Train
" 64+4
",64,4,68,Train
" 56+3
",56,3,59,Train
"93+94
",93,94,187,Train
"29+70
",29,70,99,Train
"46+47
",46,47,93,Train
"67+25
",67,25,92,Train
"86+32
",86,32,118,Train
"36+77
",36,77,113,Train
"81+32
",81,32,113,Train
"38+53
",38,53,91,Train
" 1+53
",1,53,54,Train
"29+18
",29,18,47,Train
" 47+3
",47,3,50,Train
"77+85
",77,85,162,Train
"71+44
",71,44,115,Train
"98+89
",98,89,187,Train
"69+78
",69,78,147,Train
"86+82
",86,82,168,Train
"95+50
",95,50,145,Train
" 44+0
",44,0,44,Train
"94+66
",94,66,160,Train
"18+23
",18,23,41,Train
" 5+14
",5,14,19,Train
"55+57
",55,57,112,Train
"31+73
",31,73,104,Train
"75+11
",75,11,86,Train
"30+25
",30,25,55,Train
"36+65
",36,65,101,Train
"78+61
",78,61,139,Train
"35+16
",35,16,51,Train
" 7+80
",7,80,87,Train
" 2+67
",2,67,69,Train
"74+11
",74,11,85,Train
"18+37
",18,37,55,Train
"  8+1
",8,1,9,Train
"26+37
",26,37,63,Train
"70+27
",70,27,97,Train
"36+28
",36,28,64,Train
" 6+54
",6,54,60,Train
"91+94
",91,94,185,Train
"69+81
",69,81,150,Train
"31+75
",31,75,106,Train
"81+17
",81,17,98,Train
"34+38
",34,38,72,Train
"73+35
",73,35,108,Train
"68+41
",68,41,109,Train
"97+76
",97,76,173,Train
" 5+80
",5,80,85,Train
"82+51
",82,51,133,Train
"53+56
",53,56,109,Train
"84+31
",84,31,115,Train
" 36+4
",36,4,40,Train
"97+14
",97,14,111,Train
"58+34
",58,34,92,Train
"11+35
",11,35,46,Train
"84+11
",84,11,95,Train
"99+87
",99,87,186,Train
"29+51
",29,51,80,Train
"37+49
",37,49,86,Train
"92+79
",92,79,171,Train
"77+23
",77,23,100,Train
"67+95
",67,95,162,Train
"65+53
",65,53,118,Train
"65+67
",65,67,132,Train
"84+62
",84,62,146,Train
" 9+92
",9,92,101,Train
" 8+20
",8,20,28,Train
"26+16
",26,16,42,Train
"83+43
",83,43,126,Train
"45+19
",45,19,64,Train
"50+47
",50,47,97,Train
"74+82
",74,82,156,Train
" 5+33
",5,33,38,Train
"70+42
",70,42,112,Train
"23+94
",23,94,117,Train
" 9+45
",9,45,54,Train
"97+51
",97,51,148,Train
"12+16
",12,16,28,Train
"24+11
",24,11,35,Train
"52+83
",52,83,135,Train
"15+85
",15,85,100,Train
" 6+75
",6,75,81,Train
" 1+14
",1,14,15,Train
"74+39
",74,39,113,Train
"35+65
",35,65,100,Train
"20+76
",20,76,96,Train
" 24+5
",24,5,29,Train
"37+22
",37,22,59,Train
" 1+57
",1,57,58,Train
"43+62
",43,62,105,Train
"84+45
",84,45,129,Train
"48+63
",48,63,111,Train
"97+54
",97,54,151,Train
"46+87
",46,87,133,Train
" 8+85
",8,85,93,Train
"23+22
",23,22,45,Train
" 8+89
",8,89,97,Train
"20+42
",20,42,62,Train
"90+22
",90,22,112,Train
"66+80
",66,80,146,Train
"43+18
",43,18,61,Train
" 7+76
",7,76,83,Train
"44+78
",44,78,122,Train
"  3+5
",3,5,8,Train
" 76+5
",76,5,81,Train
" 8+25
",8,25,33,Train
"76+27
",76,27,103,Train
"54+61
",54,61,115,Train
"37+25
",37,25,62,Train
"82+70
",82,70,152,Train
"63+81
",63,81,144,Train
"70+16
",70,16,86,Train
" 57+1
",57,1,58,Train
" 52+2
",52,2,54,Train
"44+39
",44,39,83,Train
"81+35
",81,35,116,Train
" 17+0
",17,0,17,Train
"21+59
",21,59,80,Train
"52+93
",52,93,145,Train
" 4+15
",4,15,19,Train
"80+24
",80,24,104,Train
" 98+1
",98,1,99,Train
"71+69
",71,69,140,Train
"86+39
",86,39,125,Train
" 3+55
",3,55,58,Train
"21+32
",21,32,53,Train
"68+28
",68,28,96,Train
"97+99
",97,99,196,Train
"90+29
",90,29,119,Train
"15+86
",15,86,101,Train
"28+88
",28,88,116,Train
"77+75
",77,75,152,Train
"48+80
",48,80,128,Train
"13+62
",13,62,75,Train
"29+68
",29,68,97,Train
" 61+8
",61,8,69,Train
"82+45
",82,45,127,Train
"29+31
",29,31,60,Train
"41+35
",41,35,76,Train
"83+87
",83,87,170,Train
"49+75
",49,75,124,Train
"95+29
",95,29,124,Train
"78+31
",78,31,109,Train
"17+11
",17,11,28,Train
"97+71
",97,71,168,Train
"76+57
",76,57,133,Train
" 45+4
",45,4,49,Train
" 15+2
",15,2,17,Train
"  9+8
",9,8,17,Train
"64+22
",64,22,86,Train
"81+88
",81,88,169,Train
" 7+26
",7,26,33,Train
"14+84
",14,84,98,Train
"44+63
",44,63,107,Train
"62+41
",62,41,103,Train
"81+71
",81,71,152,Train
"81+41
",81,41,122,Train
"35+18
",35,18,53,Train
"35+52
",35,52,87,Train
"67+91
",67,91,158,Train
"44+21
",44,21,65,Train
"43+28
",43,28,71,Train
"97+36
",97,36,133,Train
"75+30
",75,30,105,Train
" 9+20
",9,20,29,Train
"42+79
",42,79,121,Train
"66+26
",66,26,92,Train
"95+88
",95,88,183,Train
"76+90
",76,90,166,Train
"43+34
",43,34,77,Train
" 8+74
",8,74,82,Train
"96+27
",96,27,123,Train
"89+67
",89,67,156,Train
" 2+75
",2,75,77,Train
" 56+2
",56,2,58,Train
"42+85
",42,85,127,Train
"89+29
",89,29,118,Train
"12+21
",12,21,33,Train
"13+39
",13,39,52,Train
"38+28
",38,28,66,Train
"66+15
",66,15,81,Train
"55+70
",55,70,125,Train
"17+29
",17,29,46,Train
"95+60
",95,60,155,Train
"67+23
",67,23,90,Train
"51+69
",51,69,120,Train
"37+23
",37,23,60,Train
" 8+44
",8,44,52,Train
"43+85
",43,85,128,Train
"77+91
",77,91,168,Train
"93+70
",93,70,163,Train
"45+69
",45,69,114,Train
"35+47
",35,47,82,Train
"62+70
",62,70,132,Train
"  4+1
",4,1,5,Train
"10+64
",10,64,74,Train
"53+95
",53,95,148,Train
"32+47
",32,47,79,Train
"20+47
",20,47,67,Train
"72+31
",72,31,103,Train
"93+96
",93,96,189,Train
"97+52
",97,52,149,Train
"35+56
",35,56,91,Train
"70+19
",70,19,89,Train
"32+44
",32,44,76,Train
"43+89
",43,89,132,Train
"69+27
",69,27,96,Train
"79+76
",79,76,155,Train
"47+82
",47,82,129,Train
" 6+17
",6,17,23,Train
"80+58
",80,58,138,Train
"20+15
",20,15,35,Train
"14+48
",14,48,62,Train
"15+74
",15,74,89,Train
"64+76
",64,76,140,Train
"65+11
",65,11,76,Train
" 43+5
",43,5,48,Train
" 59+3
",59,3,62,Train
"49+25
",49,25,74,Train
"43+97
",43,97,140,Train
"72+24
",72,24,96,Train
"49+43
",49,43,92,Train
" 0+55
",0,55,55,Train
"43+24
",43,24,67,Train
"27+39
",27,39,66,Train
"27+91
",27,91,118,Train
" 87+8
",87,8,95,Train
"45+68
",45,68,113,Train
"59+35
",59,35,94,Train
"69+46
",69,46,115,Train
" 7+92
",7,92,99,Train
"11+58
",11,58,69,Train
"54+44
",54,44,98,Train
"72+64
",72,64,136,Train
"12+64
",12,64,76,Train
"44+18
",44,18,62,Train
"  4+5
",4,5,9,Train
"26+50
",26,50,76,Train
"23+46
",23,46,69,Train
"22+16
",22,16,38,Train
"51+54
",51,54,105,Train
"21+55
",21,55,76,Train
"70+59
",70,59,129,Train
"47+67
",47,67,114,Train
"80+14
",80,14,94,Train
"89+24
",89,24,113,Train
"25+86
",25,86,111,Train
"86+38
",86,38,124,Train
"37+98
",37,98,135,Train
"49+11
",49,11,60,Train
"30+78
",30,78,108,Train
"72+99
",72,99,171,Train
"20+66
",20,66,86,Train
" 58+1
",58,1,59,Train
" 71+9
",71,9,80,Train
"52+17
",52,17,69,Train
" 87+0
",87,0,87,Train
" 0+47
",0,47,47,Train
"54+63
",54,63,117,Train
"52+43
",52,43,95,Train
" 9+83
",9,83,92,Train
" 3+78
",3,78,81,Train
"73+46
",73,46,119,Train
"14+23
",14,23,37,Train
"35+67
",35,67,102,Train
"74+27
",74,27,101,Train
" 28+8
",28,8,36,Train
"19+29
",19,29,48,Train
"71+63
",71,63,134,Train
"91+99
",91,99,190,Train
"65+32
",65,32,97,Train
"83+37
",83,37,120,Train
"54+87
",54,87,141,Train
"15+48
",15,48,63,Train
"28+40
",28,40,68,Train
"48+77
",48,77,125,Train
"12+94
",12,94,106,Train
" 6+94
",6,94,100,Train
"19+33
",19,33,52,Train
"71+79
",71,79,150,Train
"36+93
",36,93,129,Train
"11+68
",11,68,79,Train
"72+73
",72,73,145,Train
"37+19
",37,19,56,Train
" 3+82
",3,82,85,Train
"82+37
",82,37,119,Train
"59+86
",59,86,145,Train
"96+48
",96,48,144,Train
"13+36
",13,36,49,Train
"99+57
",99,57,156,Train
"16+65
",16,65,81,Train
"51+32
",51,32,83,Train
"76+11
",76,11,87,Train
" 0+90
",0,90,90,Train
"88+40
",88,40,128,Train
"23+14
",23,14,37,Train
"35+86
",35,86,121,Train
"59+83
",59,83,142,Train
"47+22
",47,22,69,Train
"12+34
",12,34,46,Train
"53+84
",53,84,137,Train
"80+98
",80,98,178,Train
" 70+0
",70,0,70,Train
"48+32
",48,32,80,Train
"74+77
",74,77,151,Train
"91+32
",91,32,123,Train
"55+99
",55,99,154,Train
"25+34
",25,34,59,Train
"69+87
",69,87,156,Train
"12+65
",12,65,77,Train
" 4+74
",4,74,78,Train
"81+56
",81,56,137,Train
"40+96
",40,96,136,Train
"46+56
",46,56,102,Train
"19+94
",19,94,113,Train
"34+61
",34,61,95,Train
"45+87
",45,87,132,Train
"52+80
",52,80,132,Train
"45+94
",45,94,139,Train
"64+50
",64,50,114,Train
"78+33
",78,33,111,Train
"58+82
",58,82,140,Train
" 5+21
",5,21,26,Train
"39+48
",39,48,87,Train
"37+79
",37,79,116,Train
"25+43
",25,43,68,Train
"56+91
",56,91,147,Train
"21+98
",21,98,119,Train
"33+90
",33,90,123,Train
" 28+1
",28,1,29,Train
"91+70
",91,70,161,Train
" 4+30
",4,30,34,Train
"20+90
",20,90,110,Train
"30+56
",30,56,86,Train
"81+22
",81,22,103,Train
" 3+28
",3,28,31,Train
"46+61
",46,61,107,Train
"41+21
",41,21,62,Train
"46+82
",46,82,128,Train
"42+46
",42,46,88,Train
"96+55
",96,55,151,Train
"17+23
",17,23,40,Train
"62+90
",62,90,152,Train
" 5+73
",5,73,78,Train
" 46+6
",46,6,52,Train
"91+24
",91,24,115,Train
"14+64
",14,64,78,Train
" 6+87
",6,87,93,Train
"21+46
",21,46,67,Train
"28+73
",28,73,101,Train
"68+40
",68,40,108,Train
"69+30
",69,30,99,Train
"38+56
",38,56,94,Train
"73+67
",73,67,140,Train
" 3+14
",3,14,17,Train
"93+95
",93,95,188,Train
" 20+6
",20,6,26,Train
"90+49
",90,49,139,Train
"36+44
",36,44,80,Train
" 56+5
",56,5,61,Train
" 4+27
",4,27,31,Train
"37+12
",37,12,49,Train
" 90+6
",90,6,96,Train
"83+73
",83,73,156,Train
" 32+3
",32,3,35,Train
"10+25
",10,25,35,Train
"13+50
",13,50,63,Train
"19+59
",19,59,78,Train
"53+81
",53,81,134,Train
"48+28
",48,28,76,Train
"78+14
",78,14,92,Train
" 64+3
",64,3,67,Train
"38+10
",38,10,48,Train
"54+14
",54,14,68,Train
"35+21
",35,21,56,Train
" 9+36
",9,36,45,Train
"12+85
",12,85,97,Train
" 45+3
",45,3,48,Train
"48+51
",48,51,99,Train
"95+46
",95,46,141,Train
"30+26
",30,26,56,Train
"90+86
",90,86,176,Train
"91+13
",91,13,104,Train
"49+45
",49,45,94,Train
"93+32
",93,32,125,Train
"24+31
",24,31,55,Train
"54+81
",54,81,135,Train
"84+23
",84,23,107,Train
" 49+4
",49,4,53,Train
"63+74
",63,74,137,Train
" 3+62
",3,62,65,Train
"94+44
",94,44,138,Train
"98+58
",98,58,156,Train
"73+39
",73,39,112,Train
"67+31
",67,31,98,Train
"92+76
",92,76,168,Train
"95+72
",95,72,167,Train
"20+35
",20,35,55,Train
"51+82
",51,82,133,Train
"86+12
",86,12,98,Train
"83+99
",83,99,182,Train
"28+33
",28,33,61,Train
"34+76
",34,76,110,Train
" 0+11
",0,11,11,Train
"23+23
",23,23,46,Train
"33+28
",33,28,61,Train
" 71+5
",71,5,76,Train
" 60+5
",60,5,65,Train
"46+14
",46,14,60,Train
" 92+0
",92,0,92,Train
"85+11
",85,11,96,Train
"21+94
",21,94,115,Train
"65+57
",65,57,122,Train
"30+35
",30,35,65,Train
"55+32
",55,32,87,Train
"27+11
",27,11,38,Train
"98+72
",98,72,170,Train
"56+74
",56,74,130,Train
" 2+23
",2,23,25,Train
"95+16
",95,16,111,Train
"27+28
",27,28,55,Train
"42+15
",42,15,57,Train
"35+58
",35,58,93,Train
"30+10
",30,10,40,Train
" 5+84
",5,84,89,Train
"16+73
",16,73,89,Train
"93+26
",93,26,119,Train
"57+27
",57,27,84,Train
"34+51
",34,51,85,Train
"13+18
",13,18,31,Train
"71+38
",71,38,109,Train
"56+93
",56,93,149,Train
"38+35
",38,35,73,Train
" 2+59
",2,59,61,Train
"47+87
",47,87,134,Train
" 4+79
",4,79,83,Train
"20+17
",20,17,37,Train
"20+12
",20,12,32,Train
" 0+48
",0,48,48,Train
"33+87
",33,87,120,Train
"57+74
",57,74,131,Train
"52+76
",52,76,128,Train
"11+12
",11,12,23,Train
"57+20
",57,20,77,Train
" 15+6
",15,6,21,Train
"41+99
",41,99,140,Train
"45+58
",45,58,103,Train
"58+31
",58,31,89,Train
" 20+9
",20,9,29,Train
"22+22
",22,22,44,Train
"93+49
",93,49,142,Train
"61+26
",61,26,87,Train
"23+91
",23,91,114,Train
"35+20
",35,20,55,Train
"85+51
",85,51,136,Train
"77+71
",77,71,148,Train
"95+95
",95,95,190,Train
"56+98
",56,98,154,Train
"16+83
",16,83,99,Train
"33+43
",33,43,76,Train
"39+94
",39,94,133,Train
"17+57
",17,57,74,Train
" 14+1
",14,1,15,Train
"82+47
",82,47,129,Train
"89+49
",89,49,138,Train
"  2+4
",2,4,6,Train
" 71+7
",71,7,78,Train
"12+76
",12,76,88,Train
"88+42
",88,42,130,Train
"37+84
",37,84,121,Train
"48+11
",48,11,59,Train
"40+53
",40,53,93,Train
"13+87
",13,87,100,Train
"30+60
",30,60,90,Train
"91+54
",91,54,145,Train
"90+15
",90,15,105,Train
" 98+4
",98,4,102,Train
"56+83
",56,83,139,Train
" 82+2
",82,2,84,Train
"14+46
",14,46,60,Train
"87+55
",87,55,142,Train
"50+81
",50,81,131,Train
"40+61
",40,61,101,Train
" 60+4
",60,4,64,Train
"91+68
",91,68,159,Train
"21+57
",21,57,78,Train
"10+79
",10,79,89,Train
"32+18
",32,18,50,Train
"54+45
",54,45,99,Train
" 65+4
",65,4,69,Train
"63+47
",63,47,110,Train
" 25+1
",25,1,26,Train
" 8+21
",8,21,29,Train
"85+42
",85,42,127,Train
"80+74
",80,74,154,Train
" 36+1
",36,1,37,Train
"12+25
",12,25,37,Train
"20+58
",20,58,78,Train
"12+90
",12,90,102,Train
"41+17
",41,17,58,Train
"66+75
",66,75,141,Train
" 67+8
",67,8,75,Train
" 3+32
",3,32,35,Train
"76+49
",76,49,125,Train
"48+19
",48,19,67,Train
"39+33
",39,33,72,Train
"10+15
",10,15,25,Train
"34+97
",34,97,131,Train
"58+51
",58,51,109,Train
"35+22
",35,22,57,Train
"77+70
",77,70,147,Train
"35+49
",35,49,84,Train
"23+84
",23,84,107,Train
"84+77
",84,77,161,Train
"78+64
",78,64,142,Train
"13+76
",13,76,89,Train
"99+27
",99,27,126,Train
"10+49
",10,49,59,Train
"98+94
",98,94,192,Train
"20+13
",20,13,33,Train
"74+89
",74,89,163,Train
" 1+22
",1,22,23,Train
"44+93
",44,93,137,Train
"83+58
",83,58,141,Train
"99+10
",99,10,109,Train
"66+57
",66,57,123,Train
"28+97
",28,97,125,Train
"29+40
",29,40,69,Train
"78+79
",78,79,157,Train
"39+30
",39,30,69,Train
"88+34
",88,34,122,Train
"42+33
",42,33,75,Train
" 0+65
",0,65,65,Train
"34+32
",34,32,66,Train
"62+33
",62,33,95,Train
"42+78
",42,78,120,Train
"51+89
",51,89,140,Train
"30+22
",30,22,52,Train
"73+83
",73,83,156,Train
"60+90
",60,90,150,Train
"99+62
",99,62,161,Train
"54+25
",54,25,79,Train
"59+23
",59,23,82,Train
"45+46
",45,46,91,Train
"42+64
",42,64,106,Train
"16+21
",16,21,37,Train
"59+82
",59,82,141,Train
"81+47
",81,47,128,Train
"85+99
",85,99,184,Train
"36+15
",36,15,51,Train
"62+69
",62,69,131,Train
"31+61
",31,61,92,Train
"57+72
",57,72,129,Train
"68+51
",68,51,119,Train
"67+77
",67,77,144,Train
"47+17
",47,17,64,Train
"96+59
",96,59,155,Train
" 13+4
",13,4,17,Train
"31+70
",31,70,101,Train
"60+43
",60,43,103,Train
"33+42
",33,42,75,Train
"34+72
",34,72,106,Train
"29+33
",29,33,62,Train
"23+77
",23,77,100,Train
"81+36
",81,36,117,Train
"55+47
",55,47,102,Train
"59+41
",59,41,100,Train
"96+42
",96,42,138,Train
"64+87
",64,87,151,Train
"72+10
",72,10,82,Train
"53+91
",53,91,144,Train
"50+30
",50,30,80,Train
"17+42
",17,42,59,Train
"63+78
",63,78,141,Train
"64+20
",64,20,84,Train
" 58+3
",58,3,61,Train
"68+15
",68,15,83,Train
"71+82
",71,82,153,Train
"31+78
",31,78,109,Train
"99+74
",99,74,173,Train
"45+48
",45,48,93,Train
"77+86
",77,86,163,Train
"83+98
",83,98,181,Train
"56+90
",56,90,146,Train
" 46+8
",46,8,54,Train
" 83+3
",83,3,86,Train
"65+51
",65,51,116,Train
"79+25
",79,25,104,Train
"65+94
",65,94,159,Train
" 74+6
",74,6,80,Train
"89+33
",89,33,122,Train
"27+63
",27,63,90,Train
"48+65
",48,65,113,Train
"27+86
",27,86,113,Train
"26+51
",26,51,77,Train
" 8+83
",8,83,91,Train
" 95+2
",95,2,97,Train
"53+71
",53,71,124,Train
"39+55
",39,55,94,Train
"52+61
",52,61,113,Train
"93+30
",93,30,123,Train
"85+34
",85,34,119,Train
"86+88
",86,88,174,Train
" 8+56
",8,56,64,Train
"67+96
",67,96,163,Train
" 4+70
",4,70,74,Train
" 85+7
",85,7,92,Train
" 2+52
",2,52,54,Train
"20+88
",20,88,108,Train
"63+67
",63,67,130,Train
"61+82
",61,82,143,Train
"62+57
",62,57,119,Train
"24+46
",24,46,70,Train
"86+27
",86,27,113,Train
"52+72
",52,72,124,Train
"44+13
",44,13,57,Train
"58+46
",58,46,104,Train
"87+34
",87,34,121,Train
"61+58
",61,58,119,Train
"35+82
",35,82,117,Train
" 5+97
",5,97,102,Train
"71+24
",71,24,95,Train
" 27+7
",27,7,34,Train
" 7+27
",7,27,34,Train
"94+58
",94,58,152,Train
"40+60
",40,60,100,Train
"96+67
",96,67,163,Train
"94+83
",94,83,177,Train
"13+54
",13,54,67,Train
"84+78
",84,78,162,Train
"29+37
",29,37,66,Train
"34+74
",34,74,108,Train
"50+10
",50,10,60,Train
" 99+1
",99,1,100,Train
"79+38
",79,38,117,Train
"  1+9
",1,9,10,Train
"72+47
",72,47,119,Train
"22+17
",22,17,39,Train
"36+72
",36,72,108,Train
"75+36
",75,36,111,Train
" 52+5
",52,5,57,Train
"25+17
",25,17,42,Train
"21+10
",21,10,31,Train
"40+32
",40,32,72,Train
"95+40
",95,40,135,Train
"18+40
",18,40,58,Train
"26+28
",26,28,54,Train
"  4+3
",4,3,7,Train
"32+35
",32,35,67,Train
" 18+6
",18,6,24,Train
" 25+5
",25,5,30,Train
" 4+41
",4,41,45,Train
"63+94
",63,94,157,Train
"35+41
",35,41,76,Train
"75+35
",75,35,110,Train
"63+39
",63,39,102,Train
"41+41
",41,41,82,Train
" 9+93
",9,93,102,Train
"59+80
",59,80,139,Train
" 16+0
",16,0,16,Train
"64+56
",64,56,120,Train
"44+84
",44,84,128,Train
"  6+6
",6,6,12,Train
"72+65
",72,65,137,Train
"85+97
",85,97,182,Train
"94+14
",94,14,108,Train
" 34+3
",34,3,37,Train
"42+30
",42,30,72,Train
"98+13
",98,13,111,Train
"23+57
",23,57,80,Train
"53+34
",53,34,87,Train
"83+67
",83,67,150,Train
"23+34
",23,34,57,Train
"98+21
",98,21,119,Train
"88+37
",88,37,125,Train
"12+33
",12,33,45,Train
"43+77
",43,77,120,Train
"33+50
",33,50,83,Train
"25+94
",25,94,119,Train
"44+22
",44,22,66,Train
"87+18
",87,18,105,Train
"29+73
",29,73,102,Train
"64+63
",64,63,127,Train
"11+36
",11,36,47,Train
"70+45
",70,45,115,Train
" 52+4
",52,4,56,Train
"80+67
",80,67,147,Train
"36+68
",36,68,104,Train
"83+69
",83,69,152,Train
"61+33
",61,33,94,Train
"19+37
",19,37,56,Train
"21+44
",21,44,65,Train
"56+41
",56,41,97,Train
"12+67
",12,67,79,Train
"63+96
",63,96,159,Train
" 1+99
",1,99,100,Train
"25+31
",25,31,56,Train
"46+76
",46,76,122,Train
"12+45
",12,45,57,Train
"22+91
",22,91,113,Train
"19+73
",19,73,92,Train
"87+23
",87,23,110,Train
"89+16
",89,16,105,Train
" 4+50
",4,50,54,Train
"15+91
",15,91,106,Train
"90+37
",90,37,127,Train
"51+93
",51,93,144,Train
"58+73
",58,73,131,Train
" 7+99
",7,99,106,Train
"80+55
",80,55,135,Train
" 84+8
",84,8,92,Train
"64+71
",64,71,135,Train
"49+48
",49,48,97,Train
"76+55
",76,55,131,Train
"13+42
",13,42,55,Train
"31+77
",31,77,108,Train
"80+28
",80,28,108,Train
"55+46
",55,46,101,Train
"15+64
",15,64,79,Train
" 26+2
",26,2,28,Train
"72+45
",72,45,117,Train
"76+48
",76,48,124,Train
"16+93
",16,93,109,Train
"79+21
",79,21,100,Train
"31+15
",31,15,46,Train
"91+65
",91,65,156,Train
"75+41
",75,41,116,Train
"33+40
",33,40,73,Train
"14+81
",14,81,95,Train
" 64+6
",64,6,70,Train
"39+34
",39,34,73,Train
"91+57
",91,57,148,Train
" 9+73
",9,73,82,Train
"87+79
",87,79,166,Train
"53+16
",53,16,69,Train
"52+92
",52,92,144,Train
" 6+59
",6,59,65,Train
" 31+7
",31,7,38,Train
"45+52
",45,52,97,Train
"33+58
",33,58,91,Train
"36+27
",36,27,63,Train
"77+52
",77,52,129,Train
" 1+50
",1,50,51,Train
" 55+8
",55,8,63,Train
"10+83
",10,83,93,Train
"61+72
",61,72,133,Train
"89+31
",89,31,120,Train
" 3+97
",3,97,100,Train
"96+23
",96,23,119,Train
" 40+6
",40,6,46,Train
"13+13
",13,13,26,Train
"60+37
",60,37,97,Train
"81+50
",81,50,131,Train
"58+60
",58,60,118,Train
" 68+1
",68,1,69,Train
"78+82
",78,82,160,Train
"44+44
",44,44,88,Train
"99+13
",99,13,112,Train
" 31+0
",31,0,31,Train
"66+33
",66,33,99,Train
"97+32
",97,32,129,Train
"19+58
",19,58,77,Train
"87+20
",87,20,107,Train
"63+77
",63,77,140,Train
"53+43
",53,43,96,Train
"84+41
",84,41,125,Train
"59+89
",59,89,148,Train
" 93+0
",93,0,93,Train
"  8+3
",8,3,11,Train
"98+98
",98,98,196,Train
"59+59
",59,59,118,Train
"86+62
",86,62,148,Train
"20+91
",20,91,111,Train
"22+83
",22,83,105,Train
"50+63
",50,63,113,Train
" 57+5
",57,5,62,Train
"36+31
",36,31,67,Train
"44+54
",44,54,98,Train
"34+14
",34,14,48,Train
"23+67
",23,67,90,Train
"83+95
",83,95,178,Train
"18+54
",18,54,72,Train
" 1+55
",1,55,56,Train
"50+28
",50,28,78,Train
"71+60
",71,60,131,Train
" 0+52
",0,52,52,Train
" 7+64
",7,64,71,Train
"19+71
",19,71,90,Train
" 1+67
",1,67,68,Train
"52+57
",52,57,109,Train
"37+82
",37,82,119,Train
"11+18
",11,18,29,Train
"52+56
",52,56,108,Train
"80+70
",80,70,150,Train
"35+76
",35,76,111,Train
"11+89
",11,89,100,Train
" 6+49
",6,49,55,Train
"94+45
",94,45,139,Train
"65+40
",65,40,105,Train
"78+84
",78,84,162,Train
" 8+13
",8,13,21,Train
"60+64
",60,64,124,Train
"49+58
",49,58,107,Train
"73+19
",73,19,92,Train
" 3+29
",3,29,32,Train
" 23+0
",23,0,23,Train
"14+19
",14,19,33,Train
"53+53
",53,53,106,Train
" 20+7
",20,7,27,Train
"47+83
",47,83,130,Train
"60+57
",60,57,117,Train
"32+65
",32,65,97,Train
" 3+69
",3,69,72,Train
" 7+41
",7,41,48,Train
"46+53
",46,53,99,Train
"54+84
",54,84,138,Train
"98+60
",98,60,158,Train
"17+79
",17,79,96,Train
"44+55
",44,55,99,Train
"56+28
",56,28,84,Train
"21+63
",21,63,84,Train
"17+52
",17,52,69,Train
"76+89
",76,89,165,Train
"65+93
",65,93,158,Train
"75+94
",75,94,169,Train
"48+62
",48,62,110,Train
"19+76
",19,76,95,Train
"17+69
",17,69,86,Train
" 0+50
",0,50,50,Train
"46+89
",46,89,135,Train
"10+51
",10,51,61,Train
"92+75
",92,75,167,Train
" 2+98
",2,98,100,Train
"30+75
",30,75,105,Train
"42+89
",42,89,131,Train
"23+43
",23,43,66,Train
" 3+98
",3,98,101,Train
"17+89
",17,89,106,Train
"14+28
",14,28,42,Train
"45+13
",45,13,58,Train
"15+83
",15,83,98,Train
"44+25
",44,25,69,Train
"41+98
",41,98,139,Train
" 24+0
",24,0,24,Train
"24+83
",24,83,107,Train
"83+91
",83,91,174,Train
" 71+4
",71,4,75,Train
"43+95
",43,95,138,Train
" 18+2
",18,2,20,Train
"40+98
",40,98,138,Train
"15+40
",15,40,55,Train
"53+36
",53,36,89,Train
"88+84
",88,84,172,Train
" 4+36
",4,36,40,Train
"62+88
",62,88,150,Train
" 7+12
",7,12,19,Train
"89+27
",89,27,116,Train
"98+68
",98,68,166,Train
"58+84
",58,84,142,Train
"29+65
",29,65,94,Train
"69+72
",69,72,141,Train
"22+81
",22,81,103,Train
" 0+32
",0,32,32,Train
"88+87
",88,87,175,Train
"13+67
",13,67,80,Train
"20+97
",20,97,117,Train
"26+30
",26,30,56,Train
"69+77
",69,77,146,Train
"85+55
",85,55,140,Train
"52+46
",52,46,98,Train
"63+65
",63,65,128,Train
"43+49
",43,49,92,Train
"47+29
",47,29,76,Train
"60+28
",60,28,88,Train
"44+47
",44,47,91,Train
"15+59
",15,59,74,Train
"94+25
",94,25,119,Train
"98+24
",98,24,122,Train
"42+16
",42,16,58,Train
" 17+7
",17,7,24,Train
"95+96
",95,96,191,Train
"26+62
",26,62,88,Train
"43+39
",43,39,82,Train
"91+28
",91,28,119,Train
"86+72
",86,72,158,Train
" 0+62
",0,62,62,Train
" 5+55
",5,55,60,Train
"38+52
",38,52,90,Train
"91+63
",91,63,154,Train
"26+19
",26,19,45,Train
"84+10
",84,10,94,Train
" 77+2
",77,2,79,Train
"12+68
",12,68,80,Train
"55+33
",55,33,88,Train
" 8+93
",8,93,101,Train
"99+43
",99,43,142,Train
"89+94
",89,94,183,Train
"83+33
",83,33,116,Train
"76+12
",76,12,88,Train
"42+26
",42,26,68,Train
" 0+19
",0,19,19,Train
"47+94
",47,94,141,Train
"64+23
",64,23,87,Train
"98+82
",98,82,180,Train
"43+32
",43,32,75,Train
" 3+99
",3,99,102,Train
"37+29
",37,29,66,Train
"86+54
",86,54,140,Train
"46+28
",46,28,74,Train
"86+10
",86,10,96,Train
"58+81
",58,81,139,Train
"18+35
",18,35,53,Train
"14+12
",14,12,26,Train
"93+48
",93,48,141,Train
"81+23
",81,23,104,Train
"68+23
",68,23,91,Train
"37+33
",37,33,70,Train
"79+26
",79,26,105,Train
"78+83
",78,83,161,Train
"64+41
",64,41,105,Train
"49+24
",49,24,73,Train
"11+33
",11,33,44,Train
"65+31
",65,31,96,Train
" 89+7
",89,7,96,Train
"98+79
",98,79,177,Train
"80+10
",80,10,90,Train
" 23+2
",23,2,25,Train
"30+99
",30,99,129,Train
"19+40
",19,40,59,Train
" 2+53
",2,53,55,Train
"12+63
",12,63,75,Train
" 0+93
",0,93,93,Train
"32+92
",32,92,124,Train
"92+54
",92,54,146,Train
"86+49
",86,49,135,Train
"61+40
",61,40,101,Train
"74+91
",74,91,165,Train
"46+68
",46,68,114,Train
"29+22
",29,22,51,Train
"52+32
",52,32,84,Train
" 0+28
",0,28,28,Train
"41+10
",41,10,51,Train
"38+32
",38,32,70,Train
"20+63
",20,63,83,Train
" 2+91
",2,91,93,Train
" 52+9
",52,9,61,Train
"62+81
",62,81,143,Train
"80+49
",80,49,129,Train
"83+16
",83,16,99,Train
"30+54
",30,54,84,Train
"84+64
",84,64,148,Train
"56+84
",56,84,140,Train
"  3+9
",3,9,12,Train
"11+41
",11,41,52,Train
"11+48
",11,48,59,Train
"17+51
",17,51,68,Train
"26+95
",26,95,121,Train
"31+48
",31,48,79,Train
"79+16
",79,16,95,Train
"63+28
",63,28,91,Train
"78+38
",78,38,116,Train
"41+60
",41,60,101,Train
"77+77
",77,77,154,Train
"86+52
",86,52,138,Train
"97+89
",97,89,186,Train
" 62+4
",62,4,66,Train
"20+94
",20,94,114,Train
"46+48
",46,48,94,Train
"17+38
",17,38,55,Train
"77+34
",77,34,111,Train
" 86+2
",86,2,88,Train
"37+54
",37,54,91,Train
"16+68
",16,68,84,Train
"19+70
",19,70,89,Train
"73+23
",73,23,96,Train
" 5+49
",5,49,54,Train
"20+67
",20,67,87,Train
"20+34
",20,34,54,Train
"35+61
",35,61,96,Train
" 8+18
",8,18,26,Train
"20+39
",20,39,59,Train
"77+42
",77,42,119,Train
"32+23
",32,23,55,Train
"98+49
",98,49,147,Train
"13+25
",13,25,38,Train
"34+16
",34,16,50,Train
"57+91
",57,91,148,Train
"51+51
",51,51,102,Train
"83+30
",83,30,113,Train
"19+60
",19,60,79,Train
" 6+47
",6,47,53,Train
"46+12
",46,12,58,Train
"58+45
",58,45,103,Train
"48+73
",48,73,121,Train
" 65+6
",65,6,71,Train
"26+45
",26,45,71,Train
"89+43
",89,43,132,Train
"54+75
",54,75,129,Train
" 37+7
",37,7,44,Train
"93+42
",93,42,135,Train
"46+65
",46,65,111,Train
" 5+24
",5,24,29,Train
"25+82
",25,82,107,Train
" 80+9
",80,9,89,Train
"92+41
",92,41,133,Train
"41+53
",41,53,94,Train
"98+56
",98,56,154,Train
"84+40
",84,40,124,Train
"40+85
",40,85,125,Train
"83+78
",83,78,161,Train
"70+54
",70,54,124,Train
"53+90
",53,90,143,Train
"58+49
",58,49,107,Train
" 70+9
",70,9,79,Train
"34+85
",34,85,119,Train
"46+79
",46,79,125,Train
"61+68
",61,68,129,Train
"54+83
",54,83,137,Train
"86+95
",86,95,181,Train
"61+43
",61,43,104,Train
"64+68
",64,68,132,Train
"95+22
",95,22,117,Train
" 7+84
",7,84,91,Train
"92+95
",92,95,187,Train
"24+98
",24,98,122,Train
" 38+2
",38,2,40,Train
"41+29
",41,29,70,Train
"87+19
",87,19,106,Train
"23+90
",23,90,113,Train
"63+62
",63,62,125,Train
"51+87
",51,87,138,Train
"65+74
",65,74,139,Train
"41+48
",41,48,89,Train
"71+67
",71,67,138,Train
"98+51
",98,51,149,Train
" 8+65
",8,65,73,Train
"67+15
",67,15,82,Train
" 4+60
",4,60,64,Train
"26+46
",26,46,72,Train
"62+18
",62,18,80,Train
" 3+20
",3,20,23,Train
"27+95
",27,95,122,Train
"80+75
",80,75,155,Train
"66+67
",66,67,133,Train
"13+99
",13,99,112,Train
" 14+0
",14,0,14,Train
" 2+31
",2,31,33,Train
" 3+12
",3,12,15,Train
"87+61
",87,61,148,Train
"63+41
",63,41,104,Train
"65+60
",65,60,125,Train
"13+12
",13,12,25,Train
" 22+0
",22,0,22,Train
"10+63
",10,63,73,Train
"53+62
",53,62,115,Train
"25+36
",25,36,61,Train
"87+11
",87,11,98,Train
" 20+2
",20,2,22,Train
"91+61
",91,61,152,Train
"58+26
",58,26,84,Train
"68+62
",68,62,130,Train
" 2+28
",2,28,30,Train
"60+32
",60,32,92,Train
"74+18
",74,18,92,Train
"71+54
",71,54,125,Train
"19+39
",19,39,58,Train
"23+30
",23,30,53,Train
"13+35
",13,35,48,Train
" 4+44
",4,44,48,Train
"49+54
",49,54,103,Train
"40+44
",40,44,84,Train
"72+19
",72,19,91,Train
" 20+3
",20,3,23,Train
" 3+83
",3,83,86,Train
" 63+0
",63,0,63,Train
" 0+77
",0,77,77,Train
"66+84
",66,84,150,Train
"56+78
",56,78,134,Train
"31+90
",31,90,121,Train
"97+37
",97,37,134,Train
"90+21
",90,21,111,Train
"61+78
",61,78,139,Train
" 69+3
",69,3,72,Train
"52+66
",52,66,118,Train
"42+55
",42,55,97,Train
"10+16
",10,16,26,Train
"65+61
",65,61,126,Train
"71+39
",71,39,110,Train
"37+99
",37,99,136,Train
"75+48
",75,48,123,Train
" 1+71
",1,71,72,Train
"18+86
",18,86,104,Train
"39+82
",39,82,121,Train
"93+80
",93,80,173,Train
"72+55
",72,55,127,Train
"48+68
",48,68,116,Train
"48+97
",48,97,145,Train
"85+22
",85,22,107,Train
"53+75
",53,75,128,Train
"20+70
",20,70,90,Train
"87+94
",87,94,181,Train
" 7+55
",7,55,62,Train
"28+64
",28,64,92,Train
"79+15
",79,15,94,Train
"22+49
",22,49,71,Train
"87+65
",87,65,152,Train
"38+91
",38,91,129,Train
"12+12
",12,12,24,Train
"21+30
",21,30,51,Train
"34+62
",34,62,96,Train
"36+74
",36,74,110,Train
" 80+3
",80,3,83,Train
"87+60
",87,60,147,Train
" 3+59
",3,59,62,Train
"28+39
",28,39,67,Train
"16+69
",16,69,85,Train
" 41+3
",41,3,44,Train
" 52+7
",52,7,59,Train
"96+34
",96,34,130,Train
"95+58
",95,58,153,Train
"27+16
",27,16,43,Train
"41+20
",41,20,61,Train
"17+31
",17,31,48,Train
"65+71
",65,71,136,Train
"79+43
",79,43,122,Train
" 87+3
",87,3,90,Train
" 2+85
",2,85,87,Train
"97+85
",97,85,182,Train
"24+50
",24,50,74,Train
"22+88
",22,88,110,Train
"11+42
",11,42,53,Train
"30+87
",30,87,117,Train
"72+40
",72,40,112,Train
" 18+9
",18,9,27,Train
"34+40
",34,40,74,Train
"27+82
",27,82,109,Train
"72+27
",72,27,99,Train
"26+54
",26,54,80,Train
"25+65
",25,65,90,Train
"67+66
",67,66,133,Train
"45+97
",45,97,142,Train
"93+14
",93,14,107,Train
"56+39
",56,39,95,Train
"39+76
",39,76,115,Train
" 25+7
",25,7,32,Train
"61+39
",61,39,100,Train
"11+76
",11,76,87,Train
"14+71
",14,71,85,Train
"42+68
",42,68,110,Train
" 96+8
",96,8,104,Train
"94+91
",94,91,185,Train
"85+86
",85,86,171,Train
"97+81
",97,81,178,Train
"25+64
",25,64,89,Train
" 92+9
",92,9,101,Train
"97+66
",97,66,163,Train
"47+79
",47,79,126,Train
"69+17
",69,17,86,Train
"75+40
",75,40,115,Train
"45+71
",45,71,116,Train
"60+38
",60,38,98,Train
"29+61
",29,61,90,Train
"88+71
",88,71,159,Train
"77+48
",77,48,125,Train
"17+74
",17,74,91,Train
"21+53
",21,53,74,Train
"96+26
",96,26,122,Train
"62+52
",62,52,114,Train
"39+45
",39,45,84,Train
"94+47
",94,47,141,Train
"49+59
",49,59,108,Train
"33+20
",33,20,53,Train
" 61+0
",61,0,61,Train
"79+82
",79,82,161,Train
"79+90
",79,90,169,Train
"28+93
",28,93,121,Train
"72+36
",72,36,108,Train
"33+53
",33,53,86,Train
"14+37
",14,37,51,Train
"49+65
",49,65,114,Train
" 5+98
",5,98,103,Train
" 78+0
",78,0,78,Train
"32+71
",32,71,103,Train
"79+59
",79,59,138,Train
"75+51
",75,51,126,Train
" 96+4
",96,4,100,Train
"21+58
",21,58,79,Train
" 20+1
",20,1,21,Train
"13+20
",13,20,33,Train
" 3+72
",3,72,75,Train
"41+52
",41,52,93,Train
"45+29
",45,29,74,Train
"28+87
",28,87,115,Train
"32+59
",32,59,91,Train
"88+91
",88,91,179,Train
" 39+1
",39,1,40,Train
" 4+78
",4,78,82,Train
"92+62
",92,62,154,Train
"83+23
",83,23,106,Train
"14+89
",14,89,103,Train
"95+48
",95,48,143,Train
"58+93
",58,93,151,Train
"57+48
",57,48,105,Train
"54+67
",54,67,121,Train
" 4+76
",4,76,80,Train
"32+32
",32,32,64,Train
"45+70
",45,70,115,Train
"66+34
",66,34,100,Train
"93+64
",93,64,157,Train
"35+77
",35,77,112,Train
"43+13
",43,13,56,Train
" 10+8
",10,8,18,Train
"51+86
",51,86,137,Train
"81+98
",81,98,179,Train
"64+96
",64,96,160,Train
"56+66
",56,66,122,Train
"39+43
",39,43,82,Train
"34+27
",34,27,61,Train
"21+51
",21,51,72,Train
"90+44
",90,44,134,Train
"58+16
",58,16,74,Train
"79+18
",79,18,97,Train
"11+21
",11,21,32,Train
"69+76
",69,76,145,Train
"12+10
",12,10,22,Train
"94+10
",94,10,104,Train
"66+95
",66,95,161,Train
"80+63
",80,63,143,Train
"56+30
",56,30,86,Train
"76+19
",76,19,95,Train
"51+46
",51,46,97,Train
"87+89
",87,89,176,Train
"13+11
",13,11,24,Train
"18+81
",18,81,99,Train
"88+77
",88,77,165,Train
" 3+79
",3,79,82,Train
"97+18
",97,18,115,Train
"50+64
",50,64,114,Train
"18+42
",18,42,60,Train
"77+18
",77,18,95,Train
" 46+1
",46,1,47,Train
" 6+30
",6,30,36,Train
"92+87
",92,87,179,Train
" 6+45
",6,45,51,Train
"65+77
",65,77,142,Train
"81+27
",81,27,108,Train
"73+97
",73,97,170,Train
"61+48
",61,48,109,Train
"19+11
",19,11,30,Train
"90+83
",90,83,173,Train
" 92+6
",92,6,98,Train
"56+65
",56,65,121,Train
"70+79
",70,79,149,Train
"92+80
",92,80,172,Train
"63+70
",63,70,133,Train
" 9+37
",9,37,46,Train
" 6+57
",6,57,63,Train
"66+46
",66,46,112,Train
"38+64
",38,64,102,Train
"12+61
",12,61,73,Train
"68+20
",68,20,88,Train
"25+85
",25,85,110,Train
"44+87
",44,87,131,Train
"91+86
",91,86,177,Train
"10+32
",10,32,42,Train
"50+43
",50,43,93,Train
"54+48
",54,48,102,Train
"60+69
",60,69,129,Train
"31+47
",31,47,78,Train
"48+61
",48,61,109,Train
"18+59
",18,59,77,Train
" 95+4
",95,4,99,Train
"84+33
",84,33,117,Train
"57+86
",57,86,143,Train
"43+20
",43,20,63,Train
"66+60
",66,60,126,Train
"87+15
",87,15,102,Train
"50+60
",50,60,110,Train
"46+11
",46,11,57,Train
"74+86
",74,86,160,Train
"65+65
",65,65,130,Train
"93+39
",93,39,132,Train
"57+49
",57,49,106,Train
"91+73
",91,73,164,Train
"85+92
",85,92,177,Train
"51+80
",51,80,131,Train
"31+13
",31,13,44,Train
"35+36
",35,36,71,Train
"54+78
",54,78,132,Train
"12+87
",12,87,99,Train
"72+38
",72,38,110,Train
" 2+97
",2,97,99,Train
"67+39
",67,39,106,Train
"28+74
",28,74,102,Train
"42+90
",42,90,132,Train
"44+45
",44,45,89,Train
"22+80
",22,80,102,Train
" 46+0
",46,0,46,Train
"57+50
",57,50,107,Train
"44+75
",44,75,119,Train
" 47+6
",47,6,53,Train
"15+71
",15,71,86,Train
"97+64
",97,64,161,Train
"39+42
",39,42,81,Train
"79+53
",79,53,132,Train
"69+57
",69,57,126,Train
"76+78
",76,78,154,Train
"21+52
",21,52,73,Train
"21+90
",21,90,111,Train
"37+35
",37,35,72,Train
"61+96
",61,96,157,Train
"42+74
",42,74,116,Train
" 5+39
",5,39,44,Train
"52+89
",52,89,141,Train
"18+68
",18,68,86,Train
" 61+4
",61,4,65,Train
"89+81
",89,81,170,Train
"99+56
",99,56,155,Train
"15+96
",15,96,111,Train
"55+86
",55,86,141,Train
"67+36
",67,36,103,Train
"70+23
",70,23,93,Train
" 65+7
",65,7,72,Train
"12+57
",12,57,69,Train
"82+35
",82,35,117,Train
"18+78
",18,78,96,Train
" 53+6
",53,6,59,Train
"95+14
",95,14,109,Train
"19+35
",19,35,54,Train
"59+91
",59,91,150,Train
"24+33
",24,33,57,Train
"60+97
",60,97,157,Train
"40+40
",40,40,80,Train
"34+17
",34,17,51,Train
" 91+0
",91,0,91,Train
"72+28
",72,28,100,Train
"74+96
",74,96,170,Train
"66+40
",66,40,106,Train
" 9+75
",9,75,84,Train
"98+36
",98,36,134,Train
" 64+7
",64,7,71,Train
"15+80
",15,80,95,Train
"55+58
",55,58,113,Train
"35+88
",35,88,123,Train
" 89+3
",89,3,92,Train
" 31+6
",31,6,37,Train
"70+83
",70,83,153,Train
" 27+2
",27,2,29,Train
" 83+5
",83,5,88,Train
"88+50
",88,50,138,Train
"87+69
",87,69,156,Train
"91+59
",91,59,150,Train
"45+51
",45,51,96,Train
" 37+8
",37,8,45,Train
"48+45
",48,45,93,Train
"54+82
",54,82,136,Train
"98+47
",98,47,145,Train
"36+92
",36,92,128,Train
"67+11
",67,11,78,Train
"18+32
",18,32,50,Train
"23+21
",23,21,44,Train
"29+38
",29,38,67,Train
"44+91
",44,91,135,Train
"23+98
",23,98,121,Train
"42+24
",42,24,66,Train
"75+52
",75,52,127,Train
"46+32
",46,32,78,Train
"92+61
",92,61,153,Train
"93+47
",93,47,140,Train
"88+96
",88,96,184,Train
"24+26
",24,26,50,Train
"99+15
",99,15,114,Train
"90+93
",90,93,183,Train
"55+51
",55,51,106,Train
"55+35
",55,35,90,Train
"70+90
",70,90,160,Train
"10+90
",10,90,100,Train
"28+21
",28,21,49,Train
"55+98
",55,98,153,Train
"72+81
",72,81,153,Train
" 84+2
",84,2,86,Train
"14+99
",14,99,113,Train
" 9+95
",9,95,104,Train
"99+21
",99,21,120,Train
"92+15
",92,15,107,Train
"30+49
",30,49,79,Train
"52+67
",52,67,119,Train
"70+20
",70,20,90,Train
"32+37
",32,37,69,Train
" 21+1
",21,1,22,Train
"52+69
",52,69,121,Train
"24+96
",24,96,120,Train
"31+21
",31,21,52,Train
"23+78
",23,78,101,Train
" 2+35
",2,35,37,Train
"52+96
",52,96,148,Train
"92+48
",92,48,140,Train
"91+90
",91,90,181,Train
"87+28
",87,28,115,Train
"44+23
",44,23,67,Train
"12+69
",12,69,81,Train
" 7+52
",7,52,59,Train
" 65+5
",65,5,70,Train
"10+68
",10,68,78,Train
"46+31
",46,31,77,Train
"29+85
",29,85,114,Train
"46+80
",46,80,126,Train
"56+72
",56,72,128,Train
"75+61
",75,61,136,Train
"63+85
",63,85,148,Train
"89+47
",89,47,136,Train
"86+71
",86,71,157,Train
"51+37
",51,37,88,Train
"81+79
",81,79,160,Train
"71+27
",71,27,98,Train
"94+46
",94,46,140,Train
"52+87
",52,87,139,Train
"37+76
",37,76,113,Train
"73+60
",73,60,133,Train
"14+39
",14,39,53,Train
"84+88
",84,88,172,Train
"34+41
",34,41,75,Train
"14+80
",14,80,94,Train
"92+91
",92,91,183,Train
"74+22
",74,22,96,Train
" 9+34
",9,34,43,Train
"55+15
",55,15,70,Train
"85+71
",85,71,156,Train
"22+12
",22,12,34,Train
"98+87
",98,87,185,Train
"52+64
",52,64,116,Train
"72+43
",72,43,115,Train
"33+47
",33,47,80,Train
"52+29
",52,29,81,Train
"43+35
",43,35,78,Train
"20+80
",20,80,100,Train
"96+47
",96,47,143,Train
"14+63
",14,63,77,Train
"28+30
",28,30,58,Train
"13+89
",13,89,102,Train
"79+69
",79,69,148,Train
"49+77
",49,77,126,Train
"80+45
",80,45,125,Train
"26+63
",26,63,89,Train
"66+55
",66,55,121,Train
"67+90
",67,90,157,Train
"77+92
",77,92,169,Train
"44+16
",44,16,60,Train
" 5+74
",5,74,79,Train
" 2+49
",2,49,51,Train
" 11+5
",11,5,16,Train
"10+82
",10,82,92,Train
" 1+69
",1,69,70,Train
"46+63
",46,63,109,Train
"46+59
",46,59,105,Train
"40+30
",40,30,70,Train
"29+87
",29,87,116,Train
"51+21
",51,21,72,Train
"97+11
",97,11,108,Train
"43+50
",43,50,93,Train
" 2+12
",2,12,14,Train
" 5+30
",5,30,35,Train
"53+65
",53,65,118,Train
"80+66
",80,66,146,Train
"65+95
",65,95,160,Train
" 27+3
",27,3,30,Train
"66+86
",66,86,152,Train
"81+60
",81,60,141,Train
"13+75
",13,75,88,Train
"40+58
",40,58,98,Train
" 9+49
",9,49,58,Train
"80+59
",80,59,139,Train
" 99+8
",99,8,107,Train
"85+10
",85,10,95,Train
" 50+2
",50,2,52,Train
" 0+84
",0,84,84,Train
"96+38
",96,38,134,Train
" 21+4
",21,4,25,Train
"25+56
",25,56,81,Train
"30+38
",30,38,68,Train
"40+45
",40,45,85,Train
"18+46
",18,46,64,Train
"74+95
",74,95,169,Train
" 0+54
",0,54,54,Train
"56+79
",56,79,135,Train
"48+23
",48,23,71,Train
"80+95
",80,95,175,Train
"24+69
",24,69,93,Train
" 59+7
",59,7,66,Train
"60+73
",60,73,133,Train
"32+90
",32,90,122,Train
" 3+54
",3,54,57,Train
"51+11
",51,11,62,Train
" 89+6
",89,6,95,Train
"94+97
",94,97,191,Train
"54+54
",54,54,108,Train
"47+30
",47,30,77,Train
"24+71
",24,71,95,Train
"72+97
",72,97,169,Train
"38+85
",38,85,123,Train
" 2+74
",2,74,76,Train
"71+23
",71,23,94,Train
"51+16
",51,16,67,Train
"72+61
",72,61,133,Train
"10+77
",10,77,87,Train
"50+11
",50,11,61,Train
" 52+6
",52,6,58,Train
"14+74
",14,74,88,Train
"69+33
",69,33,102,Train
"57+37
",57,37,94,Train
"89+57
",89,57,146,Train
"66+37
",66,37,103,Train
"96+28
",96,28,124,Train
"39+68
",39,68,107,Train
"94+19
",94,19,113,Train
" 5+47
",5,47,52,Train
" 39+4
",39,4,43,Train
"40+91
",40,91,131,Train
"72+41
",72,41,113,Train
"61+17
",61,17,78,Train
"53+49
",53,49,102,Train
"75+79
",75,79,154,Train
" 4+47
",4,47,51,Train
"39+69
",39,69,108,Train
"14+27
",14,27,41,Train
" 27+1
",27,1,28,Train
"25+38
",25,38,63,Train
"72+94
",72,94,166,Train
"74+43
",74,43,117,Train
"57+15
",57,15,72,Train
" 6+90
",6,90,96,Train
"10+24
",10,24,34,Train
"42+92
",42,92,134,Train
"57+46
",57,46,103,Train
"61+95
",61,95,156,Train
"16+91
",16,91,107,Train
"91+52
",91,52,143,Train
"55+96
",55,96,151,Train
"84+29
",84,29,113,Train
"38+18
",38,18,56,Train
"95+41
",95,41,136,Train
"75+69
",75,69,144,Train
"12+82
",12,82,94,Train
" 8+96
",8,96,104,Train
"53+41
",53,41,94,Train
"22+44
",22,44,66,Train
"12+56
",12,56,68,Train
"53+61
",53,61,114,Train
" 85+4
",85,4,89,Train
" 3+60
",3,60,63,Train
"13+30
",13,30,43,Train
" 0+45
",0,45,45,Train
"68+47
",68,47,115,Train
"99+96
",99,96,195,Train
"11+78
",11,78,89,Train
"29+88
",29,88,117,Train
"29+94
",29,94,123,Train
"53+17
",53,17,70,Train
" 68+7
",68,7,75,Train
"53+70
",53,70,123,Train
"19+98
",19,98,117,Train
" 81+1
",81,1,82,Train
" 5+61
",5,61,66,Train
"28+70
",28,70,98,Train
" 66+2
",66,2,68,Train
"11+45
",11,45,56,Train
" 22+9
",22,9,31,Train
"85+98
",85,98,183,Train
"26+14
",26,14,40,Train
"74+79
",74,79,153,Train
"10+19
",10,19,29,Train
"69+89
",69,89,158,Train
"38+61
",38,61,99,Train
" 7+14
",7,14,21,Train
"53+64
",53,64,117,Train
"91+39
",91,39,130,Train
" 88+1
",88,1,89,Train
"16+52
",16,52,68,Train
"82+61
",82,61,143,Train
"10+88
",10,88,98,Train
"66+44
",66,44,110,Train
"16+38
",16,38,54,Train
"35+74
",35,74,109,Train
"82+72
",82,72,154,Train
"89+63
",89,63,152,Train
"37+83
",37,83,120,Train
"86+44
",86,44,130,Train
" 9+99
",9,99,108,Train
" 87+2
",87,2,89,Train
" 63+2
",63,2,65,Train
"18+79
",18,79,97,Train
"97+35
",97,35,132,Train
"72+76
",72,76,148,Train
"13+86
",13,86,99,Train
"89+98
",89,98,187,Train
"54+26
",54,26,80,Train
"88+48
",88,48,136,Train
"36+97
",36,97,133,Train
"61+80
",61,80,141,Train
"41+54
",41,54,95,Train
"44+37
",44,37,81,Train
"69+61
",69,61,130,Train
"17+43
",17,43,60,Train
"57+84
",57,84,141,Train
" 6+93
",6,93,99,Train
"49+63
",49,63,112,Train
"69+24
",69,24,93,Train
"15+51
",15,51,66,Train
"59+16
",59,16,75,Train
"35+95
",35,95,130,Train
"  8+4
",8,4,12,Train
" 3+86
",3,86,89,Train
"49+53
",49,53,102,Train
"96+30
",96,30,126,Train
"47+50
",47,50,97,Train
"85+30
",85,30,115,Train
"75+72
",75,72,147,Train
"30+23
",30,23,53,Train
"67+46
",67,46,113,Train
"30+89
",30,89,119,Train
"26+35
",26,35,61,Train
"54+38
",54,38,92,Train
"55+72
",55,72,127,Train
"73+88
",73,88,161,Train
" 9+76
",9,76,85,Train
"88+59
",88,59,147,Train
"79+45
",79,45,124,Train
"47+20
",47,20,67,Train
" 2+72
",2,72,74,Train
" 13+2
",13,2,15,Train
"83+76
",83,76,159,Train
"95+28
",95,28,123,Train
"94+30
",94,30,124,Train
" 1+98
",1,98,99,Train
" 76+0
",76,0,76,Train
"93+89
",93,89,182,Train
"19+21
",19,21,40,Train
"56+57
",56,57,113,Train
"51+84
",51,84,135,Train
"78+72
",78,72,150,Train
"18+38
",18,38,56,Train
"28+35
",28,35,63,Train
"78+58
",78,58,136,Train
"68+75
",68,75,143,Train
"12+24
",12,24,36,Train
"81+33
",81,33,114,Train
"26+33
",26,33,59,Train
"82+66
",82,66,148,Train
"36+82
",36,82,118,Train
"98+90
",98,90,188,Train
"93+90
",93,90,183,Train
"42+97
",42,97,139,Train
"13+29
",13,29,42,Train
"44+43
",44,43,87,Train
" 8+12
",8,12,20,Train
"37+43
",37,43,80,Train
"69+18
",69,18,87,Train
"70+48
",70,48,118,Train
"96+60
",96,60,156,Train
"14+17
",14,17,31,Train
"29+80
",29,80,109,Train
"61+77
",61,77,138,Train
"42+29
",42,29,71,Train
" 5+95
",5,95,100,Train
"80+18
",80,18,98,Train
"30+37
",30,37,67,Train
" 44+2
",44,2,46,Train
"59+33
",59,33,92,Train
" 54+5
",54,5,59,Train
"22+58
",22,58,80,Train
"29+45
",29,45,74,Train
"78+51
",78,51,129,Train
"27+51
",27,51,78,Train
"42+59
",42,59,101,Train
" 81+2
",81,2,83,Train
"19+81
",19,81,100,Train
"16+18
",16,18,34,Train
"60+45
",60,45,105,Train
"62+66
",62,66,128,Train
"73+92
",73,92,165,Train
"25+91
",25,91,116,Train
" 93+3
",93,3,96,Train
"24+13
",24,13,37,Train
" 88+8
",88,8,96,Train
" 7+60
",7,60,67,Train
"82+20
",82,20,102,Train
"10+29
",10,29,39,Train
"71+16
",71,16,87,Train
"17+50
",17,50,67,Train
"37+48
",37,48,85,Train
"39+97
",39,97,136,Train
"51+25
",51,25,76,Train
"35+62
",35,62,97,Train
"89+93
",89,93,182,Train
"78+11
",78,11,89,Train
"65+25
",65,25,90,Train
"38+97
",38,97,135,Train
"63+64
",63,64,127,Train
" 5+51
",5,51,56,Train
"37+59
",37,59,96,Train
" 4+43
",4,43,47,Train
"12+96
",12,96,108,Train
"14+56
",14,56,70,Train
"90+12
",90,12,102,Train
"64+91
",64,91,155,Train
"83+11
",83,11,94,Train
"29+35
",29,35,64,Train
"27+60
",27,60,87,Train
"54+97
",54,97,151,Train
"50+77
",50,77,127,Train
"41+84
",41,84,125,Train
"30+68
",30,68,98,Train
"42+28
",42,28,70,Train
" 15+8
",15,8,23,Train
"21+43
",21,43,64,Train
"44+70
",44,70,114,Train
"69+92
",69,92,161,Train
"11+51
",11,51,62,Train
"69+31
",69,31,100,Train
"81+95
",81,95,176,Train
"91+60
",91,60,151,Train
" 1+37
",1,37,38,Train
"70+15
",70,15,85,Train
"98+10
",98,10,108,Train
"49+82
",49,82,131,Train
"92+98
",92,98,190,Train
" 9+52
",9,52,61,Train
"57+40
",57,40,97,Train
"48+38
",48,38,86,Train
"13+73
",13,73,86,Train
"74+67
",74,67,141,Train
"77+68
",77,68,145,Train
"60+82
",60,82,142,Train
"53+82
",53,82,135,Train
"78+98
",78,98,176,Train
"19+36
",19,36,55,Train
"33+83
",33,83,116,Train
"83+89
",83,89,172,Train
"57+89
",57,89,146,Train
"80+89
",80,89,169,Train
"86+40
",86,40,126,Train
"21+54
",21,54,75,Train
" 39+5
",39,5,44,Train
"63+83
",63,83,146,Train
"86+37
",86,37,123,Train
" 9+46
",9,46,55,Train
"22+34
",22,34,56,Train
"92+30
",92,30,122,Train
"73+15
",73,15,88,Train
"82+25
",82,25,107,Train
"83+65
",83,65,148,Train
"80+99
",80,99,179,Train
" 0+17
",0,17,17,Train
"84+18
",84,18,102,Train
" 89+1
",89,1,90,Train
"75+21
",75,21,96,Train
"91+35
",91,35,126,Train
"11+22
",11,22,33,Train
"39+24
",39,24,63,Train
"85+70
",85,70,155,Train
"90+87
",90,87,177,Train
"34+80
",34,80,114,Train
"20+96
",20,96,116,Train
"73+77
",73,77,150,Train
"33+99
",33,99,132,Train
"19+63
",19,63,82,Train
"59+28
",59,28,87,Train
" 1+40
",1,40,41,Train
"37+85
",37,85,122,Train
"90+90
",90,90,180,Train
"78+37
",78,37,115,Train
"24+63
",24,63,87,Train
" 0+40
",0,40,40,Train
"75+38
",75,38,113,Train
"73+61
",73,61,134,Train
"96+99
",96,99,195,Train
"52+36
",52,36,88,Train
"51+78
",51,78,129,Train
"14+14
",14,14,28,Train
" 8+92
",8,92,100,Train
"46+42
",46,42,88,Train
" 22+7
",22,7,29,Train
"51+39
",51,39,90,Train
"23+76
",23,76,99,Train
"81+89
",81,89,170,Train
"17+81
",17,81,98,Train
"79+89
",79,89,168,Train
"61+22
",61,22,83,Train
"14+24
",14,24,38,Train
"47+42
",47,42,89,Train
"70+52
",70,52,122,Train
"32+60
",32,60,92,Train
" 2+18
",2,18,20,Train
"34+65
",34,65,99,Train
"35+28
",35,28,63,Train
"74+26
",74,26,100,Train
" 3+15
",3,15,18,Train
"54+93
",54,93,147,Train
"71+64
",71,64,135,Train
"67+98
",67,98,165,Train
"21+67
",21,67,88,Train
" 3+23
",3,23,26,Train
"80+15
",80,15,95,Train
"57+21
",57,21,78,Train
"64+99
",64,99,163,Train
"92+70
",92,70,162,Train
" 40+8
",40,8,48,Train
"85+64
",85,64,149,Train
"44+80
",44,80,124,Train
"86+16
",86,16,102,Train
" 39+8
",39,8,47,Train
"92+40
",92,40,132,Train
"99+20
",99,20,119,Train
"87+39
",87,39,126,Train
"39+74
",39,74,113,Train
" 6+46
",6,46,52,Train
"97+79
",97,79,176,Train
"96+87
",96,87,183,Train
"66+70
",66,70,136,Train
"72+13
",72,13,85,Train
"28+42
",28,42,70,Train
"55+97
",55,97,152,Train
"56+38
",56,38,94,Train
"78+75
",78,75,153,Train
"27+97
",27,97,124,Train
"32+95
",32,95,127,Train
"33+17
",33,17,50,Train
"64+17
",64,17,81,Train
"13+40
",13,40,53,Train
"99+58
",99,58,157,Train
"30+50
",30,50,80,Train
"47+44
",47,44,91,Train
"21+17
",21,17,38,Train
"54+71
",54,71,125,Train
"55+30
",55,30,85,Train
"93+92
",93,92,185,Train
"85+18
",85,18,103,Train
"29+19
",29,19,48,Train
"18+98
",18,98,116,Train
" 83+1
",83,1,84,Train
"37+10
",37,10,47,Train
"58+41
",58,41,99,Train
"14+42
",14,42,56,Train
"39+11
",39,11,50,Train
" 17+9
",17,9,26,Train
"31+93
",31,93,124,Train
"73+45
",73,45,118,Train
"53+66
",53,66,119,Train
"31+95
",31,95,126,Train
"70+14
",70,14,84,Train
"92+56
",92,56,148,Train
"65+28
",65,28,93,Train
"90+70
",90,70,160,Train
" 12+6
",12,6,18,Train
"91+20
",91,20,111,Train
"79+88
",79,88,167,Train
"95+17
",95,17,112,Train
" 9+84
",9,84,93,Train
"45+79
",45,79,124,Train
" 84+4
",84,4,88,Train
"23+74
",23,74,97,Train
" 53+1
",53,1,54,Train
"15+11
",15,11,26,Train
"60+46
",60,46,106,Train
"87+81
",87,81,168,Train
"27+83
",27,83,110,Train
"19+72
",19,72,91,Train
"20+64
",20,64,84,Train
"54+33
",54,33,87,Train
"55+52
",55,52,107,Train
"78+46
",78,46,124,Train
"44+62
",44,62,106,Train
"89+34
",89,34,123,Train
" 2+19
",2,19,21,Train
" 48+1
",48,1,49,Train
"36+24
",36,24,60,Train
"43+42
",43,42,85,Train
"73+33
",73,33,106,Train
" 9+19
",9,19,28,Train
"  7+7
",7,7,14,Train
"84+82
",84,82,166,Train
"20+37
",20,37,57,Train
" 3+52
",3,52,55,Train
"92+68
",92,68,160,Train
"24+41
",24,41,65,Train
"26+85
",26,85,111,Train
"74+29
",74,29,103,Train
"  5+1
",5,1,6,Train
"46+60
",46,60,106,Train
"23+81
",23,81,104,Train
" 27+4
",27,4,31,Train
"69+98
",69,98,167,Train
" 97+9
",97,9,106,Train
"13+57
",13,57,70,Train
"21+84
",21,84,105,Train
"79+34
",79,34,113,Train
"39+46
",39,46,85,Train
" 7+47
",7,47,54,Train
"53+69
",53,69,122,Train
"95+34
",95,34,129,Train
"32+11
",32,11,43,Train
"69+70
",69,70,139,Train
"71+35
",71,35,106,Train
"53+93
",53,93,146,Train
"75+16
",75,16,91,Train
"30+28
",30,28,58,Train
"16+87
",16,87,103,Train
"25+13
",25,13,38,Train
"61+66
",61,66,127,Train
"94+95
",94,95,189,Train
"18+26
",18,26,44,Train
"36+64
",36,64,100,Train
"71+32
",71,32,103,Train
"28+15
",28,15,43,Train
"99+79
",99,79,178,Train
" 71+8
",71,8,79,Train
"93+27
",93,27,120,Train
"50+62
",50,62,112,Train
"52+79
",52,79,131,Train
"86+77
",86,77,163,Train
"21+25
",21,25,46,Train
"98+61
",98,61,159,Train
"46+20
",46,20,66,Train
"12+37
",12,37,49,Train
"11+72
",11,72,83,Train
"53+44
",53,44,97,Train
"31+72
",31,72,103,Train
"66+51
",66,51,117,Train
"16+51
",16,51,67,Train
"60+39
",60,39,99,Train
"99+44
",99,44,143,Train
"47+93
",47,93,140,Train
" 35+8
",35,8,43,Train
"50+24
",50,24,74,Train
"25+76
",25,76,101,Train
"71+56
",71,56,127,Train
"73+12
",73,12,85,Train
" 94+5
",94,5,99,Train
"47+46
",47,46,93,Train
"58+23
",58,23,81,Train
" 51+6
",51,6,57,Train
"59+70
",59,70,129,Train
"54+89
",54,89,143,Train
"21+80
",21,80,101,Train
" 37+1
",37,1,38,Train
"60+15
",60,15,75,Train
"96+22
",96,22,118,Train
" 76+1
",76,1,77,Train
"44+40
",44,40,84,Train
"23+25
",23,25,48,Train
" 71+2
",71,2,73,Train
"16+39
",16,39,55,Train
" 6+61
",6,61,67,Train
"66+73
",66,73,139,Train
"10+47
",10,47,57,Train
"30+74
",30,74,104,Train
"  1+6
",1,6,7,Train
" 6+89
",6,89,95,Train
"63+59
",63,59,122,Train
"97+87
",97,87,184,Train
"16+55
",16,55,71,Train
"20+38
",20,38,58,Train
"29+77
",29,77,106,Train
"33+56
",33,56,89,Train
"57+71
",57,71,128,Train
"33+80
",33,80,113,Train
" 7+90
",7,90,97,Train
"28+29
",28,29,57,Train
"97+92
",97,92,189,Train
"66+13
",66,13,79,Train
" 5+87
",5,87,92,Train
"46+26
",46,26,72,Train
"81+99
",81,99,180,Train
" 23+7
",23,7,30,Train
"79+92
",79,92,171,Train
" 96+7
",96,7,103,Train
"50+86
",50,86,136,Train
"65+82
",65,82,147,Train
"46+17
",46,17,63,Train
"65+21
",65,21,86,Train
"71+31
",71,31,102,Train
" 63+7
",63,7,70,Train
"29+90
",29,90,119,Train
"72+34
",72,34,106,Train
"95+12
",95,12,107,Train
"69+43
",69,43,112,Train
"88+67
",88,67,155,Train
"76+72
",76,72,148,Train
"88+63
",88,63,151,Train
"64+72
",64,72,136,Train
"19+84
",19,84,103,Train
"82+69
",82,69,151,Train
"19+47
",19,47,66,Train
" 25+4
",25,4,29,Train
"93+84
",93,84,177,Train
"95+68
",95,68,163,Train
" 6+78
",6,78,84,Train
"79+19
",79,19,98,Train
"37+69
",37,69,106,Train
"27+35
",27,35,62,Train
"20+46
",20,46,66,Train
"14+83
",14,83,97,Train
"45+60
",45,60,105,Train
"75+29
",75,29,104,Train
"22+37
",22,37,59,Train
" 2+10
",2,10,12,Train
"18+31
",18,31,49,Train
"84+98
",84,98,182,Train
" 34+8
",34,8,42,Train
" 47+1
",47,1,48,Train
" 6+84
",6,84,90,Train
"60+93
",60,93,153,Train
"83+66
",83,66,149,Train
"92+51
",92,51,143,Train
"17+35
",17,35,52,Train
"37+71
",37,71,108,Train
" 6+74
",6,74,80,Train
" 5+88
",5,88,93,Train
" 4+29
",4,29,33,Train
"29+26
",29,26,55,Train
" 90+8
",90,8,98,Train
" 7+97
",7,97,104,Train
"62+17
",62,17,79,Train
"55+62
",55,62,117,Train
"39+47
",39,47,86,Train
" 77+8
",77,8,85,Train
"17+75
",17,75,92,Train
" 5+13
",5,13,18,Train
"58+52
",58,52,110,Train
"57+73
",57,73,130,Train
"34+89
",34,89,123,Train
"74+28
",74,28,102,Train
"77+14
",77,14,91,Train
"70+91
",70,91,161,Train
" 83+2
",83,2,85,Train
"11+32
",11,32,43,Train
"56+42
",56,42,98,Train
"93+78
",93,78,171,Train
" 45+2
",45,2,47,Train
" 8+10
",8,10,18,Train
"20+61
",20,61,81,Train
"76+56
",76,56,132,Train
" 24+1
",24,1,25,Train
"46+88
",46,88,134,Train
"37+56
",37,56,93,Train
"42+65
",42,65,107,Train
"83+94
",83,94,177,Train
"79+27
",79,27,106,Train
"75+27
",75,27,102,Train
"96+61
",96,61,157,Train
"78+27
",78,27,105,Train
"15+15
",15,15,30,Train
"15+25
",15,25,40,Train
"64+39
",64,39,103,Train
"49+97
",49,97,146,Train
" 5+76
",5,76,81,Train
"69+51
",69,51,120,Train
"60+14
",60,14,74,Train
"87+74
",87,74,161,Train
"48+34
",48,34,82,Train
"68+19
",68,19,87,Train
"88+33
",88,33,121,Train
"81+91
",81,91,172,Train
" 19+6
",19,6,25,Train
"45+73
",45,73,118,Train
" 78+2
",78,2,80,Train
"45+38
",45,38,83,Train
"49+44
",49,44,93,Train
"12+77
",12,77,89,Train
"41+69
",41,69,110,Train
"60+85
",60,85,145,Train
" 0+44
",0,44,44,Train
" 72+9
",72,9,81,Train
" 83+4
",83,4,87,Train
" 1+21
",1,21,22,Train
"17+25
",17,25,42,Train
" 9+56
",9,56,65,Train
"27+72
",27,72,99,Train
"50+73
",50,73,123,Train
"45+32
",45,32,77,Train
" 79+5
",79,5,84,Train
"50+83
",50,83,133,Train
"48+84
",48,84,132,Train
"59+79
",59,79,138,Train
" 36+3
",36,3,39,Train
"35+90
",35,90,125,Train
"63+58
",63,58,121,Train
"17+37
",17,37,54,Train
" 44+1
",44,1,45,Train
"41+89
",41,89,130,Train
" 3+46
",3,46,49,Train
"85+54
",85,54,139,Train
"  8+6
",8,6,14,Train
"76+24
",76,24,100,Train
"46+74
",46,74,120,Train
"88+92
",88,92,180,Train
"96+97
",96,97,193,Train
"49+31
",49,31,80,Train
"98+75
",98,75,173,Train
"65+92
",65,92,157,Train
"60+24
",60,24,84,Train
"76+35
",76,35,111,Train
"16+77
",16,77,93,Train
" 4+17
",4,17,21,Train
"74+51
",74,51,125,Train
"51+98
",51,98,149,Train
"28+57
",28,57,85,Train
"47+75
",47,75,122,Train
"68+68
",68,68,136,Train
"83+36
",83,36,119,Train
"49+98
",49,98,147,Train
"11+17
",11,17,28,Train
"74+12
",74,12,86,Train
" 4+97
",4,97,101,Train
"92+84
",92,84,176,Train
"43+44
",43,44,87,Train
"10+35
",10,35,45,Train
"94+65
",94,65,159,Train
"41+97
",41,97,138,Train
"61+55
",61,55,116,Train
"38+33
",38,33,71,Train
" 38+7
",38,7,45,Train
"79+85
",79,85,164,Train
"60+87
",60,87,147,Train
"57+36
",57,36,93,Train
"47+57
",47,57,104,Train
"58+86
",58,86,144,Train
"93+73
",93,73,166,Train
"69+74
",69,74,143,Train
"12+23
",12,23,35,Train
"45+14
",45,14,59,Train
"24+86
",24,86,110,Train
" 62+9
",62,9,71,Train
"95+45
",95,45,140,Train
"42+31
",42,31,73,Train
"  2+2
",2,2,4,Train
"30+64
",30,64,94,Train
"64+62
",64,62,126,Train
" 6+66
",6,66,72,Train
"75+31
",75,31,106,Train
"82+27
",82,27,109,Train
"58+65
",58,65,123,Train
"94+28
",94,28,122,Train
"80+48
",80,48,128,Train
"60+50
",60,50,110,Train
"55+71
",55,71,126,Train
"50+50
",50,50,100,Train
"95+42
",95,42,137,Train
"74+20
",74,20,94,Train
" 7+24
",7,24,31,Train
"17+45
",17,45,62,Train
"33+75
",33,75,108,Train
"38+93
",38,93,131,Train
"40+54
",40,54,94,Train
"66+76
",66,76,142,Train
"59+55
",59,55,114,Train
" 60+9
",60,9,69,Train
"35+91
",35,91,126,Train
"32+54
",32,54,86,Train
"42+75
",42,75,117,Train
"64+59
",64,59,123,Train
"76+87
",76,87,163,Train
"84+42
",84,42,126,Train
"61+10
",61,10,71,Train
"19+99
",19,99,118,Train
"64+92
",64,92,156,Train
"19+20
",19,20,39,Train
"31+39
",31,39,70,Train
"88+64
",88,64,152,Train
"75+76
",75,76,151,Train
" 52+8
",52,8,60,Train
"41+33
",41,33,74,Train
" 7+43
",7,43,50,Train
"12+66
",12,66,78,Train
"41+46
",41,46,87,Train
"68+63
",68,63,131,Train
"36+95
",36,95,131,Train
"46+62
",46,62,108,Train
"99+48
",99,48,147,Train
" 5+85
",5,85,90,Train
"19+50
",19,50,69,Train
"53+58
",53,58,111,Train
"25+24
",25,24,49,Train
"16+81
",16,81,97,Train
"59+42
",59,42,101,Train
" 61+7
",61,7,68,Train
"29+34
",29,34,63,Train
"74+37
",74,37,111,Train
"94+40
",94,40,134,Train
"25+21
",25,21,46,Train
"60+72
",60,72,132,Train
" 5+96
",5,96,101,Train
"59+17
",59,17,76,Train
"99+45
",99,45,144,Train
"26+72
",26,72,98,Train
" 62+1
",62,1,63,Train
" 39+7
",39,7,46,Train
"26+64
",26,64,90,Train
" 29+3
",29,3,32,Train
"24+52
",24,52,76,Train
"37+74
",37,74,111,Train
"38+74
",38,74,112,Train
"47+37
",47,37,84,Train
" 41+5
",41,5,46,Train
"48+10
",48,10,58,Train
"47+78
",47,78,125,Train
"80+57
",80,57,137,Train
"93+65
",93,65,158,Train
"34+86
",34,86,120,Train
"99+32
",99,32,131,Train
"63+45
",63,45,108,Train
"15+20
",15,20,35,Train
"66+93
",66,93,159,Train
"67+17
",67,17,84,Train
"34+68
",34,68,102,Train
"75+17
",75,17,92,Train
"16+90
",16,90,106,Train
"10+21
",10,21,31,Train
"14+26
",14,26,40,Train
"83+68
",83,68,151,Train
" 90+3
",90,3,93,Train
"70+94
",70,94,164,Train
"67+41
",67,41,108,Train
"49+76
",49,76,125,Train
"72+59
",72,59,131,Train
"89+21
",89,21,110,Train
"77+67
",77,67,144,Train
"46+49
",46,49,95,Train
" 8+73
",8,73,81,Train
"10+60
",10,60,70,Train
" 43+2
",43,2,45,Train
"23+28
",23,28,51,Train
"12+15
",12,15,27,Train
"82+29
",82,29,111,Train
"68+22
",68,22,90,Train
"82+22
",82,22,104,Train
"84+84
",84,84,168,Train
" 14+8
",14,8,22,Train
" 2+80
",2,80,82,Train
"49+22
",49,22,71,Train
"23+17
",23,17,40,Train
"48+13
",48,13,61,Train
"15+46
",15,46,61,Train
"58+58
",58,58,116,Train
"96+81
",96,81,177,Train
"38+59
",38,59,97,Train
"34+70
",34,70,104,Train
"21+18
",21,18,39,Train
"35+27
",35,27,62,Train
"30+91
",30,91,121,Train
"17+48
",17,48,65,Train
"65+26
",65,26,91,Train
"70+73
",70,73,143,Train
"73+48
",73,48,121,Train
"19+26
",19,26,45,Train
"50+69
",50,69,119,Train
"65+59
",65,59,124,Train
"78+49
",78,49,127,Train
" 67+4
",67,4,71,Train
"99+77
",99,77,176,Train
"33+86
",33,86,119,Train
"56+67
",56,67,123,Train
"76+59
",76,59,135,Train
"96+58
",96,58,154,Train
"15+36
",15,36,51,Train
"42+19
",42,19,61,Train
"40+87
",40,87,127,Train
"51+58
",51,58,109,Train
" 5+68
",5,68,73,Train
"69+15
",69,15,84,Train
"73+28
",73,28,101,Train
"24+51
",24,51,75,Train
"84+55
",84,55,139,Train
"36+60
",36,60,96,Train
"20+89
",20,89,109,Train
"59+54
",59,54,113,Train
"21+56
",21,56,77,Train
" 57+0
",57,0,57,Train
"74+19
",74,19,93,Train
"94+73
",94,73,167,Train
"92+31
",92,31,123,Train
"80+33
",80,33,113,Train
"48+75
",48,75,123,Train
"22+38
",22,38,60,Train
"68+88
",68,88,156,Train
"22+69
",22,69,91,Train
"91+74
",91,74,165,Train
"55+43
",55,43,98,Train
"50+29
",50,29,79,Train
"39+66
",39,66,105,Train
"91+96
",91,96,187,Train
"75+96
",75,96,171,Train
" 68+6
",68,6,74,Train
"52+82
",52,82,134,Train
"72+30
",72,30,102,Train
" 33+6
",33,6,39,Train
"94+22
",94,22,116,Train
"55+44
",55,44,99,Train
"90+59
",90,59,149,Train
"61+69
",61,69,130,Train
"29+25
",29,25,54,Train
"89+69
",89,69,158,Train
"52+15
",52,15,67,Train
"19+90
",19,90,109,Train
"17+36
",17,36,53,Train
"58+76
",58,76,134,Train
" 16+7
",16,7,23,Train
"81+94
",81,94,175,Train
"78+34
",78,34,112,Train
"54+31
",54,31,85,Train
" 48+0
",48,0,48,Train
"51+74
",51,74,125,Train
" 4+72
",4,72,76,Train
"99+92
",99,92,191,Train
" 88+7
",88,7,95,Train
"76+84
",76,84,160,Train
"19+69
",19,69,88,Train
"69+41
",69,41,110,Train
"99+23
",99,23,122,Train
"94+99
",94,99,193,Train
"77+37
",77,37,114,Train
"40+86
",40,86,126,Train
"50+58
",50,58,108,Train
"79+40
",79,40,119,Train
"75+83
",75,83,158,Train
" 17+5
",17,5,22,Train
"18+14
",18,14,32,Train
"32+63
",32,63,95,Train
"80+76
",80,76,156,Train
" 7+16
",7,16,23,Train
" 46+5
",46,5,51,Train
"36+33
",36,33,69,Train
"71+93
",71,93,164,Train
"44+30
",44,30,74,Train
" 8+23
",8,23,31,Train
"49+95
",49,95,144,Train
" 44+3
",44,3,47,Train
"86+19
",86,19,105,Train
" 0+16
",0,16,16,Train
"38+22
",38,22,60,Train
"93+79
",93,79,172,Train
"88+65
",88,65,153,Train
"88+74
",88,74,162,Train
"65+69
",65,69,134,Train
"39+70
",39,70,109,Train
"48+60
",48,60,108,Train
"65+80
",65,80,145,Train
"69+93
",69,93,162,Train
"68+59
",68,59,127,Train
"56+64
",56,64,120,Train
" 4+28
",4,28,32,Train
" 13+7
",13,7,20,Train
"34+84
",34,84,118,Train
"28+51
",28,51,79,Train
"22+10
",22,10,32,Train
"49+91
",49,91,140,Train
"19+68
",19,68,87,Train
" 0+83
",0,83,83,Train
"93+76
",93,76,169,Train
"70+51
",70,51,121,Train
"65+41
",65,41,106,Train
"13+71
",13,71,84,Train
"36+51
",36,51,87,Train
"75+45
",75,45,120,Train
"28+17
",28,17,45,Train
"74+63
",74,63,137,Train
" 6+23
",6,23,29,Train
"42+13
",42,13,55,Train
"57+18
",57,18,75,Train
"85+31
",85,31,116,Train
"56+69
",56,69,125,Train
"40+10
",40,10,50,Train
"26+86
",26,86,112,Train
"25+71
",25,71,96,Train
"96+18
",96,18,114,Train
"65+89
",65,89,154,Train
"24+20
",24,20,44,Train
"44+10
",44,10,54,Train
"57+69
",57,69,126,Train
"38+14
",38,14,52,Train
"82+50
",82,50,132,Train
" 79+3
",79,3,82,Train
"57+57
",57,57,114,Train
"32+30
",32,30,62,Train
"84+91
",84,91,175,Train
" 2+66
",2,66,68,Train
"47+15
",47,15,62,Train
"47+64
",47,64,111,Train
"96+72
",96,72,168,Train
" 4+80
",4,80,84,Train
" 61+5
",61,5,66,Train
"89+37
",89,37,126,Train
"11+87
",11,87,98,Train
"80+73
",80,73,153,Train
"29+50
",29,50,79,Train
" 97+4
",97,4,101,Train
"93+72
",93,72,165,Train
"95+99
",95,99,194,Train
"28+91
",28,91,119,Train
" 7+31
",7,31,38,Train
"38+29
",38,29,67,Train
"95+83
",95,83,178,Train
"53+38
",53,38,91,Train
" 2+47
",2,47,49,Train
"30+51
",30,51,81,Train
" 1+65
",1,65,66,Train
" 15+0
",15,0,15,Train
"64+15
",64,15,79,Train
"82+91
",82,91,173,Train
"79+74
",79,74,153,Train
"81+19
",81,19,100,Train
"56+62
",56,62,118,Train
"92+89
",92,89,181,Train
"  3+2
",3,2,5,Train
"67+10
",67,10,77,Train
"11+37
",11,37,48,Train
"69+64
",69,64,133,Train
"72+48
",72,48,120,Train
"42+47
",42,47,89,Train
" 82+5
",82,5,87,Train
"69+84
",69,84,153,Train
"28+76
",28,76,104,Train
"49+34
",49,34,83,Train
"15+82
",15,82,97,Train
"45+93
",45,93,138,Train
"78+76
",78,76,154,Train
" 2+61
",2,61,63,Train
"33+33
",33,33,66,Train
"34+36
",34,36,70,Train
" 42+9
",42,9,51,Train
"51+33
",51,33,84,Train
"68+50
",68,50,118,Train
"82+60
",82,60,142,Train
"82+67
",82,67,149,Train
"71+41
",71,41,112,Train
"80+12
",80,12,92,Train
"32+69
",32,69,101,Train
"61+91
",61,91,152,Train
"93+36
",93,36,129,Train
"54+39
",54,39,93,Train
"72+90
",72,90,162,Train
"18+88
",18,88,106,Train
"53+68
",53,68,121,Train
"62+45
",62,45,107,Train
"50+92
",50,92,142,Train
"76+50
",76,50,126,Train
"43+76
",43,76,119,Train
" 74+9
",74,9,83,Train
"97+38
",97,38,135,Train
"74+69
",74,69,143,Train
" 7+86
",7,86,93,Train
"98+65
",98,65,163,Train
"91+69
",91,69,160,Train
" 15+7
",15,7,22,Train
"40+73
",40,73,113,Train
"95+18
",95,18,113,Train
" 5+16
",5,16,21,Train
"  5+9
",5,9,14,Train
"82+28
",82,28,110,Train
" 32+1
",32,1,33,Train
" 19+9
",19,9,28,Train
"32+96
",32,96,128,Train
"48+41
",48,41,89,Train
"43+86
",43,86,129,Train
" 13+9
",13,9,22,Train
"93+21
",93,21,114,Train
"77+54
",77,54,131,Train
" 63+6
",63,6,69,Train
"96+45
",96,45,141,Train
"93+52
",93,52,145,Train
"99+17
",99,17,116,Train
"28+99
",28,99,127,Train
"73+78
",73,78,151,Train
"15+43
",15,43,58,Train
"  6+4
",6,4,10,Train
" 2+82
",2,82,84,Train
"97+93
",97,93,190,Train
" 0+80
",0,80,80,Train
"48+88
",48,88,136,Train
"17+73
",17,73,90,Train
"82+49
",82,49,131,Train
"66+41
",66,41,107,Train
"40+56
",40,56,96,Train
"60+36
",60,36,96,Train
"65+14
",65,14,79,Train
"76+82
",76,82,158,Train
" 4+11
",4,11,15,Train
"91+48
",91,48,139,Train
"86+75
",86,75,161,Train
"80+50
",80,50,130,Train
"75+50
",75,50,125,Train
"35+13
",35,13,48,Train
" 3+51
",3,51,54,Train
"98+69
",98,69,167,Train
"63+33
",63,33,96,Train
"67+32
",67,32,99,Train
"44+96
",44,96,140,Train
" 45+1
",45,1,46,Train
"40+38
",40,38,78,Train
"26+24
",26,24,50,Train
"80+94
",80,94,174,Train
" 55+5
",55,5,60,Train
"23+37
",23,37,60,Train
" 2+56
",2,56,58,Train
" 20+4
",20,4,24,Train
" 95+1
",95,1,96,Train
"57+32
",57,32,89,Train
" 5+10
",5,10,15,Train
"62+22
",62,22,84,Train
"39+88
",39,88,127,Train
"96+68
",96,68,164,Train
" 50+9
",50,9,59,Train
"22+72
",22,72,94,Train
"16+17
",16,17,33,Train
"19+91
",19,91,110,Train
"17+15
",17,15,32,Train
"34+19
",34,19,53,Train
"85+52
",85,52,137,Train
"92+71
",92,71,163,Train
" 75+9
",75,9,84,Train
"10+22
",10,22,32,Train
"  2+0
",2,0,2,Train
" 70+7
",70,7,77,Train
"90+47
",90,47,137,Train
"45+25
",45,25,70,Train
"63+73
",63,73,136,Train
"98+54
",98,54,152,Train
" 1+42
",1,42,43,Train
"50+27
",50,27,77,Train
" 9+54
",9,54,63,Train
"46+24
",46,24,70,Train
"33+96
",33,96,129,Train
" 6+95
",6,95,101,Train
"96+75
",96,75,171,Train
"70+36
",70,36,106,Train
"50+42
",50,42,92,Train
"62+49
",62,49,111,Train
"34+57
",34,57,91,Train
" 6+53
",6,53,59,Train
"90+11
",90,11,101,Train
"41+68
",41,68,109,Train
"91+75
",91,75,166,Train
"11+95
",11,95,106,Train
" 0+73
",0,73,73,Train
" 2+24
",2,24,26,Train
"91+14
",91,14,105,Train
"51+23
",51,23,74,Train
"48+37
",48,37,85,Train
"81+49
",81,49,130,Train
" 4+84
",4,84,88,Train
"70+26
",70,26,96,Train
"48+67
",48,67,115,Train
"67+27
",67,27,94,Train
"64+36
",64,36,100,Train
"58+28
",58,28,86,Train
"21+62
",21,62,83,Train
" 82+9
",82,9,91,Train
" 0+39
",0,39,39,Train
"72+44
",72,44,116,Train
" 3+48
",3,48,51,Train
" 78+4
",78,4,82,Train
"25+54
",25,54,79,Train
"31+10
",31,10,41,Train
"81+84
",81,84,165,Train
"32+78
",32,78,110,Train
" 1+89
",1,89,90,Train
"18+12
",18,12,30,Train
"75+46
",75,46,121,Train
"81+52
",81,52,133,Train
"11+50
",11,50,61,Train
"98+33
",98,33,131,Train
" 2+63
",2,63,65,Train
"48+48
",48,48,96,Train
"39+89
",39,89,128,Train
" 96+2
",96,2,98,Train
"30+72
",30,72,102,Train
"66+77
",66,77,143,Train
"71+21
",71,21,92,Train
"27+64
",27,64,91,Train
"23+12
",23,12,35,Train
"74+87
",74,87,161,Train
"58+90
",58,90,148,Train
"15+41
",15,41,56,Train
"44+46
",44,46,90,Train
"  2+8
",2,8,10,Train
" 8+94
",8,94,102,Train
"12+81
",12,81,93,Train
"33+61
",33,61,94,Train
"93+55
",93,55,148,Train
"71+98
",71,98,169,Train
" 98+6
",98,6,104,Train
"22+33
",22,33,55,Train
"81+25
",81,25,106,Train
"24+93
",24,93,117,Train
"11+77
",11,77,88,Train
"73+18
",73,18,91,Train
" 2+81
",2,81,83,Train
"98+16
",98,16,114,Train
"14+34
",14,34,48,Train
"53+47
",53,47,100,Train
"57+59
",57,59,116,Train
"47+52
",47,52,99,Train
"40+35
",40,35,75,Train
"43+45
",43,45,88,Train
"46+50
",46,50,96,Train
" 0+30
",0,30,30,Train
"40+77
",40,77,117,Train
"51+95
",51,95,146,Train
"94+55
",94,55,149,Train
"80+31
",80,31,111,Train
"78+55
",78,55,133,Train
"56+50
",56,50,106,Train
"34+45
",34,45,79,Train
"11+71
",11,71,82,Train
" 4+91
",4,91,95,Train
"86+17
",86,17,103,Train
"95+43
",95,43,138,Train
"53+74
",53,74,127,Train
"56+37
",56,37,93,Train
"85+95
",85,95,180,Train
"97+67
",97,67,164,Train
" 1+51
",1,51,52,Train
"30+53
",30,53,83,Train
"80+80
",80,80,160,Train
"58+64
",58,64,122,Train
"52+68
",52,68,120,Train
"30+20
",30,20,50,Train
"45+89
",45,89,134,Train
"13+65
",13,65,78,Train
"96+44
",96,44,140,Train
"55+10
",55,10,65,Train
"79+23
",79,23,102,Train
"46+81
",46,81,127,Train
"66+49
",66,49,115,Train
"18+91
",18,91,109,Train
"89+77
",89,77,166,Train
"19+15
",19,15,34,Train
"48+83
",48,83,131,Train
"81+13
",81,13,94,Train
"60+62
",60,62,122,Train
" 7+94
",7,94,101,Train
"10+12
",10,12,22,Train
" 54+1
",54,1,55,Train
"96+88
",96,88,184,Train
"75+92
",75,92,167,Train
"62+61
",62,61,123,Train
"20+73
",20,73,93,Train
"16+67
",16,67,83,Train
"36+57
",36,57,93,Train
"81+67
",81,67,148,Train
" 66+1
",66,1,67,Train
"91+78
",91,78,169,Train
"38+57
",38,57,95,Train
" 6+21
",6,21,27,Train
"51+56
",51,56,107,Train
"27+89
",27,89,116,Train
"41+82
",41,82,123,Train
"38+40
",38,40,78,Train
"88+97
",88,97,185,Train
"59+88
",59,88,147,Train
" 2+70
",2,70,72,Train
"57+80
",57,80,137,Train
"36+23
",36,23,59,Train
"76+66
",76,66,142,Train
"67+92
",67,92,159,Train
"92+93
",92,93,185,Train
"53+19
",53,19,72,Train
"94+92
",94,92,186,Train
"14+43
",14,43,57,Train
"18+63
",18,63,81,Train
"23+72
",23,72,95,Train
" 8+81
",8,81,89,Train
"38+51
",38,51,89,Train
"75+55
",75,55,130,Train
"34+46
",34,46,80,Train
" 8+52
",8,52,60,Train
"69+11
",69,11,80,Train
" 25+9
",25,9,34,Train
"78+73
",78,73,151,Train
"88+28
",88,28,116,Train
" 4+40
",4,40,44,Train
"27+99
",27,99,126,Train
"43+46
",43,46,89,Train
" 6+35
",6,35,41,Train
"34+90
",34,90,124,Train
" 43+8
",43,8,51,Train
"40+36
",40,36,76,Train
"73+20
",73,20,93,Train
"79+54
",79,54,133,Train
"29+24
",29,24,53,Train
" 4+34
",4,34,38,Train
"28+58
",28,58,86,Train
"74+58
",74,58,132,Train
"85+88
",85,88,173,Train
" 4+55
",4,55,59,Train
"88+62
",88,62,150,Train
"63+66
",63,66,129,Train
"40+89
",40,89,129,Train
"82+24
",82,24,106,Train
"  8+0
",8,0,8,Train
"92+85
",92,85,177,Train
" 4+86
",4,86,90,Train
"60+25
",60,25,85,Train
" 60+3
",60,3,63,Train
"91+66
",91,66,157,Train
"22+86
",22,86,108,Train
"44+98
",44,98,142,Train
"82+56
",82,56,138,Train
"58+48
",58,48,106,Train
"93+66
",93,66,159,Train
"86+33
",86,33,119,Train
" 7+95
",7,95,102,Train
"87+16
",87,16,103,Train
"66+90
",66,90,156,Train
"78+77
",78,77,155,Train
"28+95
",28,95,123,Train
"74+10
",74,10,84,Train
"58+87
",58,87,145,Train
"10+55
",10,55,65,Train
"54+59
",54,59,113,Train
"31+59
",31,59,90,Train
" 1+25
",1,25,26,Train
"39+17
",39,17,56,Train
" 0+88
",0,88,88,Train
"61+37
",61,37,98,Train
"69+14
",69,14,83,Train
"89+30
",89,30,119,Train
"88+73
",88,73,161,Train
" 41+1
",41,1,42,Train
" 8+66
",8,66,74,Train
"76+99
",76,99,175,Train
"74+62
",74,62,136,Train
" 94+1
",94,1,95,Train
"41+55
",41,55,96,Train
"45+59
",45,59,104,Train
"15+10
",15,10,25,Train
"46+43
",46,43,89,Train
"19+66
",19,66,85,Train
"94+33
",94,33,127,Train
"92+29
",92,29,121,Train
"77+47
",77,47,124,Train
"55+92
",55,92,147,Train
" 83+6
",83,6,89,Train
" 93+1
",93,1,94,Train
"67+73
",67,73,140,Train
"23+44
",23,44,67,Train
"63+40
",63,40,103,Train
"43+54
",43,54,97,Train
"58+37
",58,37,95,Train
"51+53
",51,53,104,Train
"82+71
",82,71,153,Train
"94+69
",94,69,163,Train
"36+20
",36,20,56,Train
"26+79
",26,79,105,Train
"61+92
",61,92,153,Train
"30+61
",30,61,91,Train
"68+61
",68,61,129,Train
"69+96
",69,96,165,Train
"32+49
",32,49,81,Train
"53+87
",53,87,140,Train
"73+37
",73,37,110,Train
"84+58
",84,58,142,Train
"36+32
",36,32,68,Train
"11+23
",11,23,34,Train
"71+26
",71,26,97,Train
" 29+7
",29,7,36,Train
"76+21
",76,21,97,Train
" 85+8
",85,8,93,Train
"88+26
",88,26,114,Train
"16+29
",16,29,45,Train
"84+66
",84,66,150,Train
"48+20
",48,20,68,Train
"40+84
",40,84,124,Train
"62+62
",62,62,124,Train
"33+26
",33,26,59,Train
"32+97
",32,97,129,Train
"46+78
",46,78,124,Train
"50+56
",50,56,106,Train
"98+29
",98,29,127,Train
"16+26
",16,26,42,Train
"97+86
",97,86,183,Train
"95+30
",95,30,125,Train
"65+50
",65,50,115,Train
" 1+74
",1,74,75,Train
" 8+69
",8,69,77,Train
" 30+8
",30,8,38,Train
"81+97
",81,97,178,Train
"90+27
",90,27,117,Train
"80+56
",80,56,136,Train
"85+41
",85,41,126,Train
"76+41
",76,41,117,Train
"90+16
",90,16,106,Train
"25+79
",25,79,104,Train
"44+66
",44,66,110,Train
"74+85
",74,85,159,Train
"49+13
",49,13,62,Train
"94+52
",94,52,146,Train
"78+67
",78,67,145,Train
"50+46
",50,46,96,Train
"51+71
",51,71,122,Train
"54+42
",54,42,96,Train
" 6+86
",6,86,92,Train
" 0+18
",0,18,18,Train
"28+14
",28,14,42,Train
"49+68
",49,68,117,Train
"93+35
",93,35,128,Train
"62+13
",62,13,75,Train
"67+71
",67,71,138,Train
" 50+6
",50,6,56,Train
" 6+20
",6,20,26,Train
"  4+0
",4,0,4,Train
" 65+3
",65,3,68,Train
"23+16
",23,16,39,Train
"60+44
",60,44,104,Train
"58+50
",58,50,108,Train
"45+11
",45,11,56,Train
"24+74
",24,74,98,Train
" 39+9
",39,9,48,Train
" 6+85
",6,85,91,Train
"68+80
",68,80,148,Train
"30+63
",30,63,93,Train
" 8+62
",8,62,70,Train
"19+42
",19,42,61,Train
"79+60
",79,60,139,Train
"14+82
",14,82,96,Train
"30+66
",30,66,96,Train
"77+11
",77,11,88,Train
"  8+7
",8,7,15,Train
"97+57
",97,57,154,Train
"92+20
",92,20,112,Train
" 82+4
",82,4,86,Train
" 48+3
",48,3,51,Train
"54+86
",54,86,140,Train
"13+81
",13,81,94,Train
"96+79
",96,79,175,Train
"11+54
",11,54,65,Train
"  7+1
",7,1,8,Train
"82+64
",82,64,146,Train
"89+17
",89,17,106,Train
" 0+10
",0,10,10,Train
"62+86
",62,86,148,Train
"43+38
",43,38,81,Train
"93+74
",93,74,167,Train
"76+23
",76,23,99,Train
"27+19
",27,19,46,Train
" 9+86
",9,86,95,Train
"40+43
",40,43,83,Train
"56+71
",56,71,127,Train
"15+69
",15,69,84,Train
"30+73
",30,73,103,Train
"13+10
",13,10,23,Train
"32+74
",32,74,106,Train
"80+26
",80,26,106,Train
"83+35
",83,35,118,Train
"85+96
",85,96,181,Train
"51+63
",51,63,114,Train
"29+16
",29,16,45,Train
"13+82
",13,82,95,Train
"31+65
",31,65,96,Train
"22+18
",22,18,40,Train
" 47+5
",47,5,52,Train
"59+38
",59,38,97,Train
"38+26
",38,26,64,Train
"50+93
",50,93,143,Train
" 5+35
",5,35,40,Train
"95+62
",95,62,157,Train
"89+39
",89,39,128,Train
"67+33
",67,33,100,Train
"25+75
",25,75,100,Train
" 47+9
",47,9,56,Train
"86+96
",86,96,182,Train
"94+78
",94,78,172,Train
" 6+22
",6,22,28,Train
"46+67
",46,67,113,Train
"87+82
",87,82,169,Train
"65+13
",65,13,78,Train
"35+89
",35,89,124,Train
"39+86
",39,86,125,Train
"55+85
",55,85,140,Train
"35+51
",35,51,86,Train
" 6+62
",6,62,68,Train
"99+95
",99,95,194,Train
"32+36
",32,36,68,Train
"98+83
",98,83,181,Train
"15+75
",15,75,90,Train
"42+50
",42,50,92,Train
"33+67
",33,67,100,Train
"17+96
",17,96,113,Train
" 12+0
",12,0,12,Train
"23+11
",23,11,34,Train
"42+12
",42,12,54,Train
"92+88
",92,88,180,Train
"55+54
",55,54,109,Train
"23+97
",23,97,120,Train
"39+16
",39,16,55,Train
"  8+8
",8,8,16,Train
" 2+20
",2,20,22,Train
"29+49
",29,49,78,Train
"37+72
",37,72,109,Train
"88+95
",88,95,183,Train
"  8+9
",8,9,17,Train
"17+80
",17,80,97,Train
"79+72
",79,72,151,Train
"10+18
",10,18,28,Train
" 8+59
",8,59,67,Train
"89+88
",89,88,177,Train
" 2+26
",2,26,28,Train
"69+26
",69,26,95,Train
" 0+51
",0,51,51,Train
"44+90
",44,90,134,Train
" 1+54
",1,54,55,Train
"91+44
",91,44,135,Train
"85+24
",85,24,109,Train
" 2+62
",2,62,64,Train
"95+21
",95,21,116,Train
"95+19
",95,19,114,Train
"27+23
",27,23,50,Train
"42+81
",42,81,123,Train
"49+66
",49,66,115,Train
"59+12
",59,12,71,Train
"32+51
",32,51,83,Train
"70+49
",70,49,119,Train
" 4+52
",4,52,56,Train
" 74+3
",74,3,77,Train
" 5+77
",5,77,82,Train
"74+15
",74,15,89,Train
"89+15
",89,15,104,Train
"50+34
",50,34,84,Train
"94+71
",94,71,165,Train
"78+21
",78,21,99,Train
"34+83
",34,83,117,Train
"82+16
",82,16,98,Train
" 32+9
",32,9,41,Train
"81+87
",81,87,168,Train
" 5+67
",5,67,72,Train
" 3+74
",3,74,77,Train
"57+77
",57,77,134,Train
"70+61
",70,61,131,Train
" 0+56
",0,56,56,Train
"19+46
",19,46,65,Train
"31+76
",31,76,107,Train
"87+24
",87,24,111,Train
"74+56
",74,56,130,Train
"14+60
",14,60,74,Train
" 9+51
",9,51,60,Train
"21+88
",21,88,109,Train
"57+25
",57,25,82,Train
"11+80
",11,80,91,Train
"94+74
",94,74,168,Train
"88+60
",88,60,148,Train
"43+31
",43,31,74,Train
"59+74
",59,74,133,Train
"57+19
",57,19,76,Train
"91+11
",91,11,102,Train
"24+62
",24,62,86,Train
" 23+6
",23,6,29,Train
" 6+39
",6,39,45,Train
"77+28
",77,28,105,Train
"61+24
",61,24,85,Train
" 93+9
",93,9,102,Train
"76+29
",76,29,105,Train
"35+34
",35,34,69,Train
"64+45
",64,45,109,Train
" 8+30
",8,30,38,Train
" 0+92
",0,92,92,Train
"22+28
",22,28,50,Train
"93+83
",93,83,176,Train
"85+89
",85,89,174,Train
" 1+60
",1,60,61,Train
"89+91
",89,91,180,Train
"60+55
",60,55,115,Train
"40+72
",40,72,112,Train
"24+77
",24,77,101,Train
"43+10
",43,10,53,Train
"15+63
",15,63,78,Train
"14+91
",14,91,105,Train
"14+88
",14,88,102,Train
"98+27
",98,27,125,Train
"61+16
",61,16,77,Train
"64+79
",64,79,143,Train
" 21+2
",21,2,23,Train
"89+53
",89,53,142,Train
"25+61
",25,61,86,Train
"89+10
",89,10,99,Train
"54+29
",54,29,83,Train
" 29+5
",29,5,34,Train
"11+67
",11,67,78,Train
"26+47
",26,47,73,Train
"13+97
",13,97,110,Train
"34+54
",34,54,88,Train
"48+64
",48,64,112,Train
"21+83
",21,83,104,Train
"35+68
",35,68,103,Train
"97+12
",97,12,109,Train
"39+50
",39,50,89,Train
"49+81
",49,81,130,Train
"59+72
",59,72,131,Train
"10+61
",10,61,71,Train
"30+41
",30,41,71,Train
"46+52
",46,52,98,Train
" 11+0
",11,0,11,Train
"21+16
",21,16,37,Train
" 74+2
",74,2,76,Train
"38+48
",38,48,86,Train
"67+82
",67,82,149,Train
"35+59
",35,59,94,Train
"93+75
",93,75,168,Train
"59+10
",59,10,69,Train
"95+53
",95,53,148,Train
"78+59
",78,59,137,Train
" 26+5
",26,5,31,Train
"78+28
",78,28,106,Train
" 4+69
",4,69,73,Train
"63+20
",63,20,83,Train
"70+96
",70,96,166,Train
"73+25
",73,25,98,Train
" 97+0
",97,0,97,Train
"96+19
",96,19,115,Train
"23+31
",23,31,54,Train
"45+21
",45,21,66,Train
"31+24
",31,24,55,Train
"29+81
",29,81,110,Train
"31+45
",31,45,76,Train
"98+73
",98,73,171,Train
"70+69
",70,69,139,Train
"28+89
",28,89,117,Train
"72+79
",72,79,151,Train
"69+13
",69,13,82,Train
" 78+6
",78,6,84,Train
"67+64
",67,64,131,Train
"60+54
",60,54,114,Train
"32+55
",32,55,87,Train
"89+38
",89,38,127,Train
"89+50
",89,50,139,Train
"55+45
",55,45,100,Train
"34+47
",34,47,81,Train
"  4+2
",4,2,6,Train
"62+16
",62,16,78,Train
"24+10
",24,10,34,Train
" 99+2
",99,2,101,Train
" 8+34
",8,34,42,Train
"39+95
",39,95,134,Train
"69+67
",69,67,136,Train
"68+53
",68,53,121,Train
"36+94
",36,94,130,Train
"69+60
",69,60,129,Train
"12+88
",12,88,100,Train
"52+30
",52,30,82,Train
"40+19
",40,19,59,Train
"86+66
",86,66,152,Train
"60+52
",60,52,112,Train
"84+71
",84,71,155,Train
"88+38
",88,38,126,Train
"29+20
",29,20,49,Train
"81+82
",81,82,163,Train
"73+51
",73,51,124,Train
"31+94
",31,94,125,Train
"59+49
",59,49,108,Train
"53+92
",53,92,145,Train
"48+85
",48,85,133,Train
"66+21
",66,21,87,Train
"54+62
",54,62,116,Train
"77+38
",77,38,115,Train
"75+97
",75,97,172,Train
"34+13
",34,13,47,Train
"25+16
",25,16,41,Train
"24+54
",24,54,78,Train
" 8+50
",8,50,58,Train
"49+38
",49,38,87,Train
" 88+6
",88,6,94,Train
"18+61
",18,61,79,Train
"18+52
",18,52,70,Train
"33+93
",33,93,126,Train
"58+35
",58,35,93,Train
"53+54
",53,54,107,Train
"34+99
",34,99,133,Train
"41+36
",41,36,77,Train
"86+64
",86,64,150,Train
" 1+11
",1,11,12,Train
"45+98
",45,98,143,Train
" 87+6
",87,6,93,Train
" 52+3
",52,3,55,Train
"  2+3
",2,3,5,Train
"51+30
",51,30,81,Train
"44+15
",44,15,59,Train
"51+72
",51,72,123,Train
"44+51
",44,51,95,Train
"33+30
",33,30,63,Train
"69+36
",69,36,105,Train
"34+59
",34,59,93,Train
"46+71
",46,71,117,Train
"10+50
",10,50,60,Train
" 89+4
",89,4,93,Train
"42+34
",42,34,76,Train
"52+14
",52,14,66,Train
"95+51
",95,51,146,Train
"23+18
",23,18,41,Train
"23+48
",23,48,71,Train
" 4+75
",4,75,79,Train
"93+50
",93,50,143,Train
"86+45
",86,45,131,Train
" 8+42
",8,42,50,Train
"32+39
",32,39,71,Train
"74+90
",74,90,164,Train
"86+13
",86,13,99,Train
"58+92
",58,92,150,Train
" 9+38
",9,38,47,Train
"11+47
",11,47,58,Train
" 48+7
",48,7,55,Train
"82+14
",82,14,96,Train
"58+42
",58,42,100,Train
"27+75
",27,75,102,Train
"12+48
",12,48,60,Train
"30+24
",30,24,54,Train
"17+12
",17,12,29,Train
" 89+0
",89,0,89,Train
"42+23
",42,23,65,Train
"37+38
",37,38,75,Train
"50+71
",50,71,121,Train
"63+91
",63,91,154,Train
"92+86
",92,86,178,Train
"82+40
",82,40,122,Train
" 1+36
",1,36,37,Train
"26+68
",26,68,94,Train
"48+40
",48,40,88,Train
"81+77
",81,77,158,Train
"11+79
",11,79,90,Train
"31+92
",31,92,123,Train
"61+84
",61,84,145,Train
"29+36
",29,36,65,Train
"20+99
",20,99,119,Train
"74+53
",74,53,127,Train
" 9+47
",9,47,56,Train
"36+45
",36,45,81,Train
"88+81
",88,81,169,Train
" 9+80
",9,80,89,Train
"19+78
",19,78,97,Train
"70+67
",70,67,137,Train
"21+85
",21,85,106,Train
"41+26
",41,26,67,Train
"23+80
",23,80,103,Train
"14+35
",14,35,49,Train
"69+55
",69,55,124,Train
"97+88
",97,88,185,Train
" 7+34
",7,34,41,Train
"11+69
",11,69,80,Train
"  2+1
",2,1,3,Train
" 1+59
",1,59,60,Train
"12+27
",12,27,39,Train
"21+64
",21,64,85,Train
"53+63
",53,63,116,Train
"  7+5
",7,5,12,Train
"26+91
",26,91,117,Train
" 90+5
",90,5,95,Train
"30+76
",30,76,106,Train
"61+31
",61,31,92,Train
"38+73
",38,73,111,Train
"26+40
",26,40,66,Train
"96+80
",96,80,176,Train
"17+26
",17,26,43,Train
"44+65
",44,65,109,Train
"62+59
",62,59,121,Train
"96+77
",96,77,173,Train
"67+28
",67,28,95,Train
"48+56
",48,56,104,Train
"45+91
",45,91,136,Train
"85+43
",85,43,128,Train
"39+22
",39,22,61,Train
" 7+19
",7,19,26,Train
"16+30
",16,30,46,Train
"15+22
",15,22,37,Train
"94+94
",94,94,188,Train
"87+46
",87,46,133,Train
" 2+87
",2,87,89,Train
"67+19
",67,19,86,Train
" 6+56
",6,56,62,Train
"18+55
",18,55,73,Train
"47+73
",47,73,120,Train
"50+78
",50,78,128,Train
"54+41
",54,41,95,Train
"67+67
",67,67,134,Train
" 79+1
",79,1,80,Train
"27+76
",27,76,103,Train
"24+43
",24,43,67,Train
" 64+1
",64,1,65,Train
"71+87
",71,87,158,Train
"81+43
",81,43,124,Train
"37+13
",37,13,50,Train
"70+93
",70,93,163,Train
"64+33
",64,33,97,Train
"58+57
",58,57,115,Train
" 4+73
",4,73,77,Train
"24+73
",24,73,97,Train
" 0+20
",0,20,20,Train
"43+87
",43,87,130,Train
"59+57
",59,57,116,Train
"35+45
",35,45,80,Train
"73+81
",73,81,154,Train
"87+42
",87,42,129,Train
"15+97
",15,97,112,Train
"89+83
",89,83,172,Train
"19+45
",19,45,64,Train
"18+73
",18,73,91,Train
"59+43
",59,43,102,Train
"69+22
",69,22,91,Train
"94+13
",94,13,107,Train
"  1+8
",1,8,9,Train
"63+43
",63,43,106,Train
"88+94
",88,94,182,Train
"35+79
",35,79,114,Train
"41+94
",41,94,135,Train
"43+52
",43,52,95,Train
"78+62
",78,62,140,Train
"22+30
",22,30,52,Train
"52+78
",52,78,130,Train
"66+91
",66,91,157,Train
"47+70
",47,70,117,Train
" 37+4
",37,4,41,Train
"64+81
",64,81,145,Train
" 36+9
",36,9,45,Train
"61+98
",61,98,159,Train
"29+41
",29,41,70,Train
"86+73
",86,73,159,Train
"28+59
",28,59,87,Train
" 2+83
",2,83,85,Train
" 57+2
",57,2,59,Train
" 10+2
",10,2,12,Train
"84+28
",84,28,112,Train
"96+86
",96,86,182,Train
"22+84
",22,84,106,Train
" 43+7
",43,7,50,Train
" 2+37
",2,37,39,Train
"43+79
",43,79,122,Train
" 5+31
",5,31,36,Train
"34+10
",34,10,44,Train
" 29+8
",29,8,37,Train
"75+62
",75,62,137,Train
"28+85
",28,85,113,Train
"36+89
",36,89,125,Train
"41+43
",41,43,84,Train
"72+66
",72,66,138,Train
" 19+8
",19,8,27,Train
"55+82
",55,82,137,Train
"42+62
",42,62,104,Train
"77+29
",77,29,106,Train
"44+29
",44,29,73,Train
"19+88
",19,88,107,Train
"80+77
",80,77,157,Train
"30+34
",30,34,64,Train
"10+86
",10,86,96,Train
"89+14
",89,14,103,Train
"25+25
",25,25,50,Train
"16+66
",16,66,82,Train
" 86+0
",86,0,86,Train
"42+67
",42,67,109,Train
"81+85
",81,85,166,Train
"43+14
",43,14,57,Train
"80+84
",80,84,164,Train
"27+69
",27,69,96,Train
"24+91
",24,91,115,Train
"45+49
",45,49,94,Train
"31+49
",31,49,80,Train
"90+74
",90,74,164,Train
"96+32
",96,32,128,Train
"50+88
",50,88,138,Train
"92+78
",92,78,170,Train
"93+54
",93,54,147,Train
"82+59
",82,59,141,Train
" 80+0
",80,0,80,Train
"35+83
",35,83,118,Train
"61+44
",61,44,105,Train
" 7+69
",7,69,76,Train
"50+16
",50,16,66,Train
"95+36
",95,36,131,Train
"30+83
",30,83,113,Train
"87+37
",87,37,124,Train
" 5+48
",5,48,53,Train
"77+83
",77,83,160,Train
" 0+71
",0,71,71,Train
"22+61
",22,61,83,Train
"16+34
",16,34,50,Train
"44+31
",44,31,75,Train
"51+52
",51,52,103,Train
"27+59
",27,59,86,Train
"35+46
",35,46,81,Train
"99+29
",99,29,128,Train
"12+75
",12,75,87,Train
"33+12
",33,12,45,Train
" 9+29
",9,29,38,Train
"65+54
",65,54,119,Train
"29+71
",29,71,100,Train
"42+42
",42,42,84,Train
"12+92
",12,92,104,Train
"86+70
",86,70,156,Train
"33+44
",33,44,77,Train
" 9+87
",9,87,96,Train
"79+41
",79,41,120,Train
"90+78
",90,78,168,Train
"10+70
",10,70,80,Train
" 4+58
",4,58,62,Train
"49+30
",49,30,79,Train
"15+38
",15,38,53,Train
"97+31
",97,31,128,Train
"69+73
",69,73,142,Train
"54+51
",54,51,105,Train
"86+41
",86,41,127,Train
"78+19
",78,19,97,Train
" 5+81
",5,81,86,Train
" 8+17
",8,17,25,Train
"95+77
",95,77,172,Train
"47+25
",47,25,72,Train
" 92+3
",92,3,95,Train
" 88+5
",88,5,93,Train
"49+67
",49,67,116,Train
"43+71
",43,71,114,Train
"22+32
",22,32,54,Train
"22+66
",22,66,88,Train
"44+89
",44,89,133,Train
"11+64
",11,64,75,Train
"63+68
",63,68,131,Train
"49+86
",49,86,135,Train
" 12+4
",12,4,16,Train
"33+11
",33,11,44,Train
"18+67
",18,67,85,Train
" 48+9
",48,9,57,Train
"58+29
",58,29,87,Train
"61+56
",61,56,117,Train
"66+89
",66,89,155,Train
" 78+7
",78,7,85,Train
"22+97
",22,97,119,Train
"82+76
",82,76,158,Train
"75+91
",75,91,166,Train
"55+37
",55,37,92,Train
"36+10
",36,10,46,Train
"70+60
",70,60,130,Train
"60+81
",60,81,141,Train
"30+13
",30,13,43,Train
" 2+99
",2,99,101,Train
"63+37
",63,37,100,Train
"12+89
",12,89,101,Train
"90+95
",90,95,185,Train
"24+18
",24,18,42,Train
"56+75
",56,75,131,Train
"10+76
",10,76,86,Train
"79+79
",79,79,158,Train
" 1+62
",1,62,63,Train
"44+85
",44,85,129,Train
"51+14
",51,14,65,Train
"26+49
",26,49,75,Train
"23+63
",23,63,86,Train
"49+88
",49,88,137,Train
"22+64
",22,64,86,Train
"52+90
",52,90,142,Train
"96+89
",96,89,185,Train
" 7+87
",7,87,94,Train
"52+48
",52,48,100,Train
"75+33
",75,33,108,Train
" 7+65
",7,65,72,Train
"37+80
",37,80,117,Train
"37+40
",37,40,77,Train
" 20+0
",20,0,20,Train
"79+87
",79,87,166,Train
"28+63
",28,63,91,Train
"31+28
",31,28,59,Train
"72+69
",72,69,141,Train
"11+90
",11,90,101,Train
"15+73
",15,73,88,Train
"83+72
",83,72,155,Train
" 19+1
",19,1,20,Train
"73+54
",73,54,127,Train
"69+34
",69,34,103,Train
"93+40
",93,40,133,Train
"74+13
",74,13,87,Train
"52+50
",52,50,102,Train
"71+84
",71,84,155,Train
"98+45
",98,45,143,Train
"79+58
",79,58,137,Train
" 44+6
",44,6,50,Train
"54+96
",54,96,150,Train
" 72+2
",72,2,74,Train
"92+18
",92,18,110,Train
"59+22
",59,22,81,Train
"87+22
",87,22,109,Train
"54+23
",54,23,77,Train
"75+42
",75,42,117,Train
" 36+0
",36,0,36,Train
"82+11
",82,11,93,Train
"32+62
",32,62,94,Train
"12+72
",12,72,84,Train
"88+58
",88,58,146,Train
"93+31
",93,31,124,Train
"30+44
",30,44,74,Train
"99+86
",99,86,185,Train
"49+84
",49,84,133,Train
"62+37
",62,37,99,Train
"66+19
",66,19,85,Train
"35+64
",35,64,99,Train
"50+36
",50,36,86,Train
"33+52
",33,52,85,Train
"80+38
",80,38,118,Train
"55+69
",55,69,124,Train
"94+24
",94,24,118,Train
"21+39
",21,39,60,Train
"74+23
",74,23,97,Train
"67+12
",67,12,79,Train
"40+15
",40,15,55,Train
"58+72
",58,72,130,Train
"85+59
",85,59,144,Train
"31+88
",31,88,119,Train
"25+89
",25,89,114,Train
"90+35
",90,35,125,Train
"91+62
",91,62,153,Train
"64+29
",64,29,93,Train
"22+27
",22,27,49,Train
" 2+84
",2,84,86,Train
" 21+9
",21,9,30,Train
"64+69
",64,69,133,Train
"47+85
",47,85,132,Train
"15+52
",15,52,67,Train
"52+11
",52,11,63,Train
" 19+7
",19,7,26,Train
"98+81
",98,81,179,Train
" 9+91
",9,91,100,Train
"56+70
",56,70,126,Train
"66+72
",66,72,138,Train
"86+18
",86,18,104,Train
" 60+8
",60,8,68,Train
"54+73
",54,73,127,Train
"55+75
",55,75,130,Train
" 1+90
",1,90,91,Train
"68+34
",68,34,102,Train
" 8+45
",8,45,53,Train
"74+93
",74,93,167,Train
"80+35
",80,35,115,Train
"60+89
",60,89,149,Train
"78+65
",78,65,143,Train
"24+30
",24,30,54,Train
"71+52
",71,52,123,Train
"91+71
",91,71,162,Train
" 32+0
",32,0,32,Train
" 37+5
",37,5,42,Train
"76+42
",76,42,118,Train
"30+46
",30,46,76,Train
"82+88
",82,88,170,Train
"29+11
",29,11,40,Train
"63+56
",63,56,119,Train
" 4+14
",4,14,18,Train
"25+23
",25,23,48,Train
"55+23
",55,23,78,Train
"19+87
",19,87,106,Train
"53+20
",53,20,73,Train
"73+36
",73,36,109,Train
"81+54
",81,54,135,Train
"83+64
",83,64,147,Train
"33+10
",33,10,43,Train
"  5+7
",5,7,12,Train
" 63+3
",63,3,66,Train
"88+18
",88,18,106,Train
"55+77
",55,77,132,Train
"58+32
",58,32,90,Train
"71+45
",71,45,116,Train
"46+97
",46,97,143,Train
"20+10
",20,10,30,Train
"93+93
",93,93,186,Train
" 59+8
",59,8,67,Train
"89+13
",89,13,102,Train
"35+96
",35,96,131,Train
"68+85
",68,85,153,Train
" 21+6
",21,6,27,Train
"91+64
",91,64,155,Train
"94+87
",94,87,181,Train
"29+28
",29,28,57,Train
"18+45
",18,45,63,Train
"31+68
",31,68,99,Train
"12+22
",12,22,34,Train
" 38+1
",38,1,39,Train
"41+19
",41,19,60,Train
"50+68
",50,68,118,Train
"65+35
",65,35,100,Train
"82+84
",82,84,166,Train
"54+72
",54,72,126,Train
"78+87
",78,87,165,Train
"13+80
",13,80,93,Train
"86+99
",86,99,185,Train
"38+30
",38,30,68,Train
" 7+13
",7,13,20,Train
"30+39
",30,39,69,Train
"60+27
",60,27,87,Train
"25+47
",25,47,72,Train
"79+65
",79,65,144,Train
"13+51
",13,51,64,Train
"83+79
",83,79,162,Train
"27+20
",27,20,47,Train
"25+51
",25,51,76,Train
"55+50
",55,50,105,Train
"36+16
",36,16,52,Train
" 80+4
",80,4,84,Train
"74+99
",74,99,173,Train
"46+73
",46,73,119,Train
" 0+94
",0,94,94,Train
"97+69
",97,69,166,Train
"58+21
",58,21,79,Train
" 27+8
",27,8,35,Train
"80+16
",80,16,96,Train
"98+64
",98,64,162,Train
"75+86
",75,86,161,Train
"74+57
",74,57,131,Train
"55+49
",55,49,104,Train
"  7+6
",7,6,13,Train
"38+15
",38,15,53,Train
"37+90
",37,90,127,Train
"64+18
",64,18,82,Train
" 28+9
",28,9,37,Train
" 6+31
",6,31,37,Train
"51+97
",51,97,148,Train
"33+88
",33,88,121,Train
"85+61
",85,61,146,Train
"99+69
",99,69,168,Train
"26+42
",26,42,68,Train
"61+47
",61,47,108,Train
"66+65
",66,65,131,Train
"61+35
",61,35,96,Train
"93+61
",93,61,154,Train
"22+26
",22,26,48,Train
"39+71
",39,71,110,Train
"53+67
",53,67,120,Train
"31+91
",31,91,122,Train
"28+32
",28,32,60,Train
"86+26
",86,26,112,Train
"58+69
",58,69,127,Train
"73+73
",73,73,146,Train
" 42+0
",42,0,42,Train
"32+79
",32,79,111,Train
"80+62
",80,62,142,Train
"31+60
",31,60,91,Train
"33+48
",33,48,81,Train
"50+66
",50,66,116,Train
" 74+0
",74,0,74,Train
"72+92
",72,92,164,Train
" 9+16
",9,16,25,Train
"30+81
",30,81,111,Train
"40+64
",40,64,104,Train
"36+25
",36,25,61,Train
"78+25
",78,25,103,Train
"46+51
",46,51,97,Train
"68+70
",68,70,138,Train
" 18+4
",18,4,22,Train
"85+33
",85,33,118,Train
"27+43
",27,43,70,Train
"96+92
",96,92,188,Train
"37+16
",37,16,53,Train
"29+75
",29,75,104,Train
"53+18
",53,18,71,Train
" 3+17
",3,17,20,Train
"26+99
",26,99,125,Train
"16+16
",16,16,32,Train
"69+53
",69,53,122,Train
"62+40
",62,40,102,Train
"33+94
",33,94,127,Train
"13+38
",13,38,51,Train
"28+54
",28,54,82,Train
"91+53
",91,53,144,Train
"68+21
",68,21,89,Train
" 2+69
",2,69,71,Train
"77+10
",77,10,87,Train
"72+68
",72,68,140,Train
"62+60
",62,60,122,Train
" 2+65
",2,65,67,Train
"54+85
",54,85,139,Train
"95+73
",95,73,168,Train
"24+38
",24,38,62,Train
"45+40
",45,40,85,Train
"15+32
",15,32,47,Train
"68+86
",68,86,154,Train
" 9+67
",9,67,76,Train
"91+58
",91,58,149,Train
" 34+9
",34,9,43,Train
"84+81
",84,81,165,Train
" 7+93
",7,93,100,Train
"66+28
",66,28,94,Train
" 3+44
",3,44,47,Train
"73+94
",73,94,167,Train
"85+37
",85,37,122,Train
"14+59
",14,59,73,Train
"99+35
",99,35,134,Train
"39+23
",39,23,62,Train
"77+50
",77,50,127,Train
"10+43
",10,43,53,Train
" 81+6
",81,6,87,Train
"14+25
",14,25,39,Train
"71+57
",71,57,128,Train
"84+20
",84,20,104,Train
"70+44
",70,44,114,Train
"77+60
",77,60,137,Train
"30+79
",30,79,109,Train
"79+62
",79,62,141,Train
"67+81
",67,81,148,Train
"29+91
",29,91,120,Train
"21+37
",21,37,58,Train
"20+11
",20,11,31,Train
"21+70
",21,70,91,Train
"26+67
",26,67,93,Train
" 99+5
",99,5,104,Train
"20+57
",20,57,77,Train
"66+35
",66,35,101,Train
"57+16
",57,16,73,Train
"95+13
",95,13,108,Train
"21+48
",21,48,69,Train
" 61+2
",61,2,63,Train
"30+43
",30,43,73,Train
"11+34
",11,34,45,Train
"22+60
",22,60,82,Train
"47+76
",47,76,123,Train
"73+31
",73,31,104,Train
"51+15
",51,15,66,Train
"82+38
",82,38,120,Train
"98+77
",98,77,175,Train
"20+36
",20,36,56,Train
"63+86
",63,86,149,Train
"52+26
",52,26,78,Train
"95+37
",95,37,132,Train
"13+94
",13,94,107,Train
"90+39
",90,39,129,Train
"42+94
",42,94,136,Train
"31+67
",31,67,98,Train
"22+31
",22,31,53,Train
"11+74
",11,74,85,Train
"62+82
",62,82,144,Train
" 4+42
",4,42,46,Train
"74+84
",74,84,158,Train
"65+84
",65,84,149,Train
" 4+25
",4,25,29,Train
"81+59
",81,59,140,Train
"87+21
",87,21,108,Train
"58+83
",58,83,141,Train
"34+12
",34,12,46,Train
"93+12
",93,12,105,Train
"14+51
",14,51,65,Train
"47+77
",47,77,124,Train
"43+70
",43,70,113,Train
"92+59
",92,59,151,Train
"40+39
",40,39,79,Train
"99+59
",99,59,158,Train
"42+66
",42,66,108,Train
"61+27
",61,27,88,Train
"76+26
",76,26,102,Train
"76+92
",76,92,168,Train
"34+95
",34,95,129,Train
"86+67
",86,67,153,Train
"31+87
",31,87,118,Train
"17+92
",17,92,109,Train
"95+44
",95,44,139,Train
"20+43
",20,43,63,Train
" 75+7
",75,7,82,Train
"83+49
",83,49,132,Train
"99+33
",99,33,132,Train
"19+77
",19,77,96,Train
"97+68
",97,68,165,Train
"67+38
",67,38,105,Train
"58+63
",58,63,121,Train
" 54+8
",54,8,62,Train
"25+37
",25,37,62,Train
"18+53
",18,53,71,Train
"19+25
",19,25,44,Train
"81+46
",81,46,127,Train
" 6+19
",6,19,25,Train
" 98+2
",98,2,100,Train
"73+13
",73,13,86,Train
"62+74
",62,74,136,Train
"69+19
",69,19,88,Train
"49+62
",49,62,111,Train
"91+18
",91,18,109,Train
"59+90
",59,90,149,Train
"15+12
",15,12,27,Train
" 6+81
",6,81,87,Train
"40+55
",40,55,95,Train
"17+14
",17,14,31,Train
" 1+68
",1,68,69,Train
"67+65
",67,65,132,Train
"30+11
",30,11,41,Train
" 6+43
",6,43,49,Train
" 8+76
",8,76,84,Train
"25+92
",25,92,117,Train
"91+76
",91,76,167,Train
"83+57
",83,57,140,Train
"99+11
",99,11,110,Train
"35+84
",35,84,119,Train
"85+15
",85,15,100,Train
"74+66
",74,66,140,Train
"84+15
",84,15,99,Train
"81+20
",81,20,101,Train
"16+15
",16,15,31,Train
"31+16
",31,16,47,Train
" 7+40
",7,40,47,Train
" 73+6
",73,6,79,Train
" 69+9
",69,9,78,Train
" 5+18
",5,18,23,Train
" 1+30
",1,30,31,Train
"44+11
",44,11,55,Train
" 29+4
",29,4,33,Train
"16+13
",16,13,29,Train
"19+17
",19,17,36,Train
"87+38
",87,38,125,Train
"31+99
",31,99,130,Train
"68+24
",68,24,92,Train
"82+42
",82,42,124,Train
" 3+89
",3,89,92,Train
"45+15
",45,15,60,Train
" 4+13
",4,13,17,Train
"89+23
",89,23,112,Train
"27+98
",27,98,125,Train
"26+89
",26,89,115,Train
"17+59
",17,59,76,Train
"58+43
",58,43,101,Train
"41+71
",41,71,112,Train
"19+64
",19,64,83,Train
"27+17
",27,17,44,Train
"88+53
",88,53,141,Train
"29+83
",29,83,112,Train
"64+52
",64,52,116,Train
"51+43
",51,43,94,Train
"56+92
",56,92,148,Train
" 37+6
",37,6,43,Train
"76+52
",76,52,128,Train
" 98+9
",98,9,107,Train
"29+12
",29,12,41,Train
" 0+86
",0,86,86,Train
" 9+12
",9,12,21,Train
"70+64
",70,64,134,Train
"97+98
",97,98,195,Train
"68+97
",68,97,165,Train
"11+28
",11,28,39,Train
"28+81
",28,81,109,Train
" 35+3
",35,3,38,Train
"95+98
",95,98,193,Train
" 4+18
",4,18,22,Train
"69+52
",69,52,121,Train
" 93+8
",93,8,101,Train
"15+50
",15,50,65,Train
"36+38
",36,38,74,Train
"14+54
",14,54,68,Train
"94+57
",94,57,151,Train
"42+98
",42,98,140,Train
"34+82
",34,82,116,Train
"67+74
",67,74,141,Train
"41+88
",41,88,129,Train
"69+99
",69,99,168,Train
" 40+9
",40,9,49,Train
"19+61
",19,61,80,Train
"81+90
",81,90,171,Train
"79+78
",79,78,157,Train
"87+35
",87,35,122,Train
" 5+86
",5,86,91,Train
"24+48
",24,48,72,Train
"62+63
",62,63,125,Train
" 1+45
",1,45,46,Train
" 38+8
",38,8,46,Train
" 32+4
",32,4,36,Train
" 9+72
",9,72,81,Train
"42+20
",42,20,62,Train
"25+20
",25,20,45,Train
"80+22
",80,22,102,Train
"  3+6
",3,6,9,Train
"76+79
",76,79,155,Train
"66+69
",66,69,135,Train
"45+30
",45,30,75,Train
"80+53
",80,53,133,Train
" 5+37
",5,37,42,Train
"23+42
",23,42,65,Train
"99+55
",99,55,154,Train
"57+38
",57,38,95,Train
"17+46
",17,46,63,Train
"38+23
",38,23,61,Train
"10+45
",10,45,55,Train
"40+59
",40,59,99,Train
"74+97
",74,97,171,Train
"81+16
",81,16,97,Train
"82+87
",82,87,169,Train
"85+26
",85,26,111,Train
"22+29
",22,29,51,Train
" 29+0
",29,0,29,Train
"87+63
",87,63,150,Train
"39+40
",39,40,79,Train
"92+12
",92,12,104,Train
"99+51
",99,51,150,Train
" 0+87
",0,87,87,Train
"28+48
",28,48,76,Train
" 9+69
",9,69,78,Train
" 9+74
",9,74,83,Train
"19+48
",19,48,67,Train
"16+23
",16,23,39,Train
"34+94
",34,94,128,Train
"50+14
",50,14,64,Train
"56+55
",56,55,111,Train
"29+78
",29,78,107,Train
"76+31
",76,31,107,Train
" 45+6
",45,6,51,Train
"60+41
",60,41,101,Train
"76+98
",76,98,174,Train
"95+80
",95,80,175,Train
"84+95
",84,95,179,Train
"73+52
",73,52,125,Train
"12+17
",12,17,29,Train
" 33+1
",33,1,34,Train
"48+15
",48,15,63,Train
"96+83
",96,83,179,Train
"11+98
",11,98,109,Train
"60+29
",60,29,89,Train
"52+18
",52,18,70,Train
" 21+5
",21,5,26,Train
"86+29
",86,29,115,Train
"70+86
",70,86,156,Train
"60+79
",60,79,139,Train
"79+77
",79,77,156,Train
"65+87
",65,87,152,Train
"66+62
",66,62,128,Train
"85+47
",85,47,132,Train
"76+17
",76,17,93,Train
" 53+8
",53,8,61,Train
"57+51
",57,51,108,Train
"10+54
",10,54,64,Train
"36+69
",36,69,105,Train
"90+20
",90,20,110,Train
"83+27
",83,27,110,Train
"14+44
",14,44,58,Train
"98+30
",98,30,128,Train
"36+40
",36,40,76,Train
"48+89
",48,89,137,Train
"86+60
",86,60,146,Train
"24+59
",24,59,83,Train
"16+59
",16,59,75,Train
"21+40
",21,40,61,Train
"78+96
",78,96,174,Train
"38+88
",38,88,126,Train
"42+88
",42,88,130,Train
" 8+91
",8,91,99,Train
"68+72
",68,72,140,Train
"98+91
",98,91,189,Train
"16+25
",16,25,41,Train
"11+86
",11,86,97,Train
"48+25
",48,25,73,Train
"71+11
",71,11,82,Train
" 15+3
",15,3,18,Train
"79+98
",79,98,177,Train
"38+25
",38,25,63,Train
" 34+7
",34,7,41,Train
"59+44
",59,44,103,Train
"18+20
",18,20,38,Train
"41+47
",41,47,88,Train
"96+96
",96,96,192,Train
"94+17
",94,17,111,Train
" 16+8
",16,8,24,Train
"73+74
",73,74,147,Train
"27+24
",27,24,51,Train
"96+10
",96,10,106,Train
"21+42
",21,42,63,Train
"96+33
",96,33,129,Train
" 8+90
",8,90,98,Train
"43+23
",43,23,66,Train
"81+69
",81,69,150,Train
"30+98
",30,98,128,Train
"37+34
",37,34,71,Train
" 8+46
",8,46,54,Train
"26+10
",26,10,36,Train
"82+97
",82,97,179,Train
"65+91
",65,91,156,Train
"49+32
",49,32,81,Train
"69+85
",69,85,154,Train
"96+90
",96,90,186,Train
"89+25
",89,25,114,Train
"59+85
",59,85,144,Train
"92+52
",92,52,144,Train
"91+17
",91,17,108,Train
"67+59
",67,59,126,Train
"88+16
",88,16,104,Train
"35+30
",35,30,65,Train
"41+50
",41,50,91,Train
" 7+79
",7,79,86,Train
"27+65
",27,65,92,Train
" 38+3
",38,3,41,Train
"28+77
",28,77,105,Train
" 91+9
",91,9,100,Train
" 9+43
",9,43,52,Train
"14+33
",14,33,47,Train
"68+90
",68,90,158,Train
"81+64
",81,64,145,Train
" 67+2
",67,2,69,Train
"14+92
",14,92,106,Train
"40+83
",40,83,123,Train
"33+62
",33,62,95,Train
"75+39
",75,39,114,Train
"43+82
",43,82,125,Train
"60+91
",60,91,151,Train
" 79+4
",79,4,83,Train
"37+46
",37,46,83,Train
"38+37
",38,37,75,Train
" 64+8
",64,8,72,Train
"42+40
",42,40,82,Train
"61+81
",61,81,142,Train
"45+63
",45,63,108,Train
" 0+26
",0,26,26,Train
"56+45
",56,45,101,Train
"75+13
",75,13,88,Train
"55+28
",55,28,83,Train
"53+15
",53,15,68,Train
" 54+6
",54,6,60,Train
"97+49
",97,49,146,Train
"89+20
",89,20,109,Train
"26+73
",26,73,99,Train
" 67+0
",67,0,67,Train
"32+58
",32,58,90,Train
"38+95
",38,95,133,Train
"59+25
",59,25,84,Train
"55+17
",55,17,72,Train
" 65+0
",65,0,65,Train
" 82+3
",82,3,85,Train
"36+36
",36,36,72,Train
"84+30
",84,30,114,Train
" 76+3
",76,3,79,Train
" 1+48
",1,48,49,Train
"66+20
",66,20,86,Train
" 9+10
",9,10,19,Train
"35+35
",35,35,70,Train
"33+89
",33,89,122,Train
"42+77
",42,77,119,Train
"95+39
",95,39,134,Train
"56+26
",56,26,82,Train
"84+75
",84,75,159,Train
"81+57
",81,57,138,Train
" 7+57
",7,57,64,Train
"25+58
",25,58,83,Train
"55+26
",55,26,81,Train
"71+83
",71,83,154,Train
" 96+0
",96,0,96,Train
"47+98
",47,98,145,Test
"41+74
",41,74,115,Test
"68+82
",68,82,150,Test
"90+40
",90,40,130,Test
"31+38
",31,38,69,Test
"52+41
",52,41,93,Test
" 53+4
",53,4,57,Test
"39+83
",39,83,122,Test
"28+62
",28,62,90,Test
"57+60
",57,60,117,Test
" 5+60
",5,60,65,Test
" 7+72
",7,72,79,Test
"41+34
",41,34,75,Test
"65+73
",65,73,138,Test
"86+35
",86,35,121,Test
"80+90
",80,90,170,Test
"47+84
",47,84,131,Test
"28+37
",28,37,65,Test
"22+20
",22,20,42,Test
"69+59
",69,59,128,Test
"22+78
",22,78,100,Test
"52+73
",52,73,125,Test
"83+52
",83,52,135,Test
"85+56
",85,56,141,Test
" 28+5
",28,5,33,Test
"45+80
",45,80,125,Test
"75+15
",75,15,90,Test
"36+87
",36,87,123,Test
"12+32
",12,32,44,Test
"57+39
",57,39,96,Test
"11+97
",11,97,108,Test
"51+40
",51,40,91,Test
"56+29
",56,29,85,Test
"87+90
",87,90,177,Test
"65+85
",65,85,150,Test
"57+88
",57,88,145,Test
"26+13
",26,13,39,Test
"50+87
",50,87,137,Test
" 96+9
",96,9,105,Test
"72+46
",72,46,118,Test
"72+72
",72,72,144,Test
" 0+68
",0,68,68,Test
"25+29
",25,29,54,Test
"59+18
",59,18,77,Test
" 71+1
",71,1,72,Test
"45+78
",45,78,123,Test
"96+54
",96,54,150,Test
" 7+96
",7,96,103,Test
" 8+70
",8,70,78,Test
"88+35
",88,35,123,Test
"45+36
",45,36,81,Test
"10+33
",10,33,43,Test
"67+93
",67,93,160,Test
"17+68
",17,68,85,Test
"28+92
",28,92,120,Test
" 1+96
",1,96,97,Test
"70+72
",70,72,142,Test
"16+57
",16,57,73,Test
"71+76
",71,76,147,Test
"56+94
",56,94,150,Test
"58+78
",58,78,136,Test
"46+35
",46,35,81,Test
"  0+0
",0,0,0,Test
"18+47
",18,47,65,Test
"84+72
",84,72,156,Test
"48+70
",48,70,118,Test
"93+13
",93,13,106,Test
"37+47
",37,47,84,Test
" 9+35
",9,35,44,Test
"95+89
",95,89,184,Test
"99+68
",99,68,167,Test
"46+37
",46,37,83,Test
" 3+63
",3,63,66,Test
" 34+2
",34,2,36,Test
" 3+75
",3,75,78,Test
"51+64
",51,64,115,Test
"73+21
",73,21,94,Test
"56+12
",56,12,68,Test
"52+94
",52,94,146,Test
" 72+1
",72,1,73,Test
"15+84
",15,84,99,Test
"40+80
",40,80,120,Test
"88+88
",88,88,176,Test
"72+60
",72,60,132,Test
"25+41
",25,41,66,Test
"43+21
",43,21,64,Test
"76+38
",76,38,114,Test
"62+91
",62,91,153,Test
"42+14
",42,14,56,Test
"91+83
",91,83,174,Test
"13+48
",13,48,61,Test
"95+23
",95,23,118,Test
"17+22
",17,22,39,Test
"98+48
",98,48,146,Test
"90+97
",90,97,187,Test
"50+41
",50,41,91,Test
" 94+3
",94,3,97,Test
"18+18
",18,18,36,Test
" 35+1
",35,1,36,Test
"17+84
",17,84,101,Test
"99+75
",99,75,174,Test
"76+64
",76,64,140,Test
"39+54
",39,54,93,Test
" 20+8
",20,8,28,Test
"21+49
",21,49,70,Test
"10+62
",10,62,72,Test
"73+95
",73,95,168,Test
"37+88
",37,88,125,Test
"60+86
",60,86,146,Test
"27+53
",27,53,80,Test
"71+30
",71,30,101,Test
"73+17
",73,17,90,Test
"23+51
",23,51,74,Test
" 3+43
",3,43,46,Test
"81+37
",81,37,118,Test
"95+87
",95,87,182,Test
"36+98
",36,98,134,Test
"50+67
",50,67,117,Test
"40+75
",40,75,115,Test
"41+87
",41,87,128,Test
" 2+43
",2,43,45,Test
" 23+1
",23,1,24,Test
"78+26
",78,26,104,Test
"98+50
",98,50,148,Test
"77+81
",77,81,158,Test
"56+97
",56,97,153,Test
"95+76
",95,76,171,Test
"71+51
",71,51,122,Test
"84+49
",84,49,133,Test
" 52+0
",52,0,52,Test
" 43+1
",43,1,44,Test
"99+50
",99,50,149,Test
"46+55
",46,55,101,Test
" 84+7
",84,7,91,Test
"85+62
",85,62,147,Test
" 2+41
",2,41,43,Test
"47+99
",47,99,146,Test
"90+88
",90,88,178,Test
"24+76
",24,76,100,Test
"31+74
",31,74,105,Test
"54+58
",54,58,112,Test
"30+77
",30,77,107,Test
"79+70
",79,70,149,Test
"71+19
",71,19,90,Test
"95+27
",95,27,122,Test
" 4+82
",4,82,86,Test
"64+80
",64,80,144,Test
"38+67
",38,67,105,Test
"39+28
",39,28,67,Test
"26+82
",26,82,108,Test
"84+13
",84,13,97,Test
"51+20
",51,20,71,Test
"81+66
",81,66,147,Test
"85+87
",85,87,172,Test
"31+27
",31,27,58,Test
" 8+95
",8,95,103,Test
"77+65
",77,65,142,Test
"54+21
",54,21,75,Test
"75+43
",75,43,118,Test
"59+26
",59,26,85,Test
"98+23
",98,23,121,Test
"29+44
",29,44,73,Test
"88+54
",88,54,142,Test
"41+77
",41,77,118,Test
"67+42
",67,42,109,Test
"77+96
",77,96,173,Test
"80+25
",80,25,105,Test
"13+79
",13,79,92,Test
"88+45
",88,45,133,Test
"75+93
",75,93,168,Test
" 92+4
",92,4,96,Test
"65+72
",65,72,137,Test
"37+73
",37,73,110,Test
" 34+4
",34,4,38,Test
"30+47
",30,47,77,Test
"21+87
",21,87,108,Test
"97+47
",97,47,144,Test
"14+52
",14,52,66,Test
"54+30
",54,30,84,Test
"30+42
",30,42,72,Test
"29+67
",29,67,96,Test
"85+94
",85,94,179,Test
"80+20
",80,20,100,Test
"53+88
",53,88,141,Test
"81+48
",81,48,129,Test
"76+58
",76,58,134,Test
"24+94
",24,94,118,Test
" 8+72
",8,72,80,Test
"81+68
",81,68,149,Test
" 10+6
",10,6,16,Test
"58+89
",58,89,147,Test
"98+37
",98,37,135,Test
"47+10
",47,10,57,Test
"19+56
",19,56,75,Test
"90+31
",90,31,121,Test
"92+92
",92,92,184,Test
"79+96
",79,96,175,Test
"74+65
",74,65,139,Test
" 5+69
",5,69,74,Test
" 0+13
",0,13,13,Test
"14+69
",14,69,83,Test
"40+46
",40,46,86,Test
"41+11
",41,11,52,Test
"81+63
",81,63,144,Test
" 29+2
",29,2,31,Test
"16+10
",16,10,26,Test
"  2+7
",2,7,9,Test
"25+22
",25,22,47,Test
"93+58
",93,58,151,Test
"46+96
",46,96,142,Test
"78+45
",78,45,123,Test
"47+39
",47,39,86,Test
"98+62
",98,62,160,Test
"57+24
",57,24,81,Test
"41+86
",41,86,127,Test
"69+90
",69,90,159,Test
"78+39
",78,39,117,Test
"60+94
",60,94,154,Test
"16+50
",16,50,66,Test
"82+36
",82,36,118,Test
"35+93
",35,93,128,Test
"60+83
",60,83,143,Test
"34+87
",34,87,121,Test
"  0+8
",0,8,8,Test
" 9+24
",9,24,33,Test
" 60+2
",60,2,62,Test
"49+60
",49,60,109,Test
"95+20
",95,20,115,Test
"87+62
",87,62,149,Test
"78+17
",78,17,95,Test
"11+53
",11,53,64,Test
"43+11
",43,11,54,Test
"10+96
",10,96,106,Test
"92+22
",92,22,114,Test
"34+64
",34,64,98,Test
"71+53
",71,53,124,Test
"55+87
",55,87,142,Test
" 56+0
",56,0,56,Test
"40+79
",40,79,119,Test
" 40+3
",40,3,43,Test
" 23+8
",23,8,31,Test
"29+14
",29,14,43,Test
"23+54
",23,54,77,Test
" 23+4
",23,4,27,Test
" 8+57
",8,57,65,Test
"97+48
",97,48,145,Test
"21+24
",21,24,45,Test
"11+27
",11,27,38,Test
" 50+4
",50,4,54,Test
"20+78
",20,78,98,Test
"87+88
",87,88,175,Test
"63+79
",63,79,142,Test
"36+61
",36,61,97,Test
"31+40
",31,40,71,Test
"53+94
",53,94,147,Test
" 90+2
",90,2,92,Test
"90+85
",90,85,175,Test
"25+48
",25,48,73,Test
"92+58
",92,58,150,Test
"51+70
",51,70,121,Test
"50+91
",50,91,141,Test
"95+54
",95,54,149,Test
" 8+54
",8,54,62,Test
"97+77
",97,77,174,Test
"17+64
",17,64,81,Test
"94+79
",94,79,173,Test
"63+14
",63,14,77,Test
"54+74
",54,74,128,Test
"18+10
",18,10,28,Test
" 33+5
",33,5,38,Test
"88+12
",88,12,100,Test
"44+36
",44,36,80,Test
" 1+78
",1,78,79,Test
"47+36
",47,36,83,Test
"57+61
",57,61,118,Test
"85+80
",85,80,165,Test
"54+37
",54,37,91,Test
" 91+7
",91,7,98,Test
"13+70
",13,70,83,Test
"92+94
",92,94,186,Test
"63+72
",63,72,135,Test
" 18+3
",18,3,21,Test
" 9+66
",9,66,75,Test
"60+59
",60,59,119,Test
"38+86
",38,86,124,Test
" 48+2
",48,2,50,Test
" 26+8
",26,8,34,Test
"83+12
",83,12,95,Test
"45+95
",45,95,140,Test
"33+39
",33,39,72,Test
"39+91
",39,91,130,Test
"68+14
",68,14,82,Test
"90+53
",90,53,143,Test
"50+15
",50,15,65,Test
" 77+5
",77,5,82,Test
" 3+26
",3,26,29,Test
"94+42
",94,42,136,Test
" 7+37
",7,37,44,Test
"86+57
",86,57,143,Test
"17+77
",17,77,94,Test
"31+52
",31,52,83,Test
"51+42
",51,42,93,Test
" 16+9
",16,9,25,Test
"56+25
",56,25,81,Test
"81+31
",81,31,112,Test
"18+16
",18,16,34,Test
" 5+79
",5,79,84,Test
"86+20
",86,20,106,Test
"48+14
",48,14,62,Test
" 4+77
",4,77,81,Test
"11+91
",11,91,102,Test
"55+67
",55,67,122,Test
" 6+60
",6,60,66,Test
" 2+38
",2,38,40,Test
"55+22
",55,22,77,Test
"20+29
",20,29,49,Test
"94+88
",94,88,182,Test
"71+50
",71,50,121,Test
"28+68
",28,68,96,Test
"53+59
",53,59,112,Test
"94+81
",94,81,175,Test
"57+55
",57,55,112,Test
" 60+1
",60,1,61,Test
"77+36
",77,36,113,Test
"74+55
",74,55,129,Test
"85+49
",85,49,134,Test
"62+48
",62,48,110,Test
"39+56
",39,56,95,Test
"98+70
",98,70,168,Test
"84+37
",84,37,121,Test
"69+44
",69,44,113,Test
"47+38
",47,38,85,Test
"26+69
",26,69,95,Test
"31+29
",31,29,60,Test
"28+96
",28,96,124,Test
"15+13
",15,13,28,Test
" 9+23
",9,23,32,Test
"57+92
",57,92,149,Test
"84+87
",84,87,171,Test
"54+95
",54,95,149,Test
"52+71
",52,71,123,Test
"62+99
",62,99,161,Test
"42+73
",42,73,115,Test
"15+45
",15,45,60,Test
"80+68
",80,68,148,Test
"12+51
",12,51,63,Test
"  9+7
",9,7,16,Test
"98+28
",98,28,126,Test
"27+42
",27,42,69,Test
"97+91
",97,91,188,Test
"52+74
",52,74,126,Test
"32+27
",32,27,59,Test
" 72+5
",72,5,77,Test
" 35+6
",35,6,41,Test
"18+62
",18,62,80,Test
"96+14
",96,14,110,Test
"65+97
",65,97,162,Test
"10+17
",10,17,27,Test
"24+17
",24,17,41,Test
"86+15
",86,15,101,Test
"76+77
",76,77,153,Test
"41+83
",41,83,124,Test
"28+98
",28,98,126,Test
"33+57
",33,57,90,Test
"99+37
",99,37,136,Test
"33+18
",33,18,51,Test
"67+79
",67,79,146,Test
"80+93
",80,93,173,Test
"30+96
",30,96,126,Test
"20+59
",20,59,79,Test
"75+34
",75,34,109,Test
"99+52
",99,52,151,Test
"67+68
",67,68,135,Test
"48+87
",48,87,135,Test
"28+84
",28,84,112,Test
"21+31
",21,31,52,Test
"15+34
",15,34,49,Test
"84+76
",84,76,160,Test
"20+75
",20,75,95,Test
"64+10
",64,10,74,Test
"83+14
",83,14,97,Test
"78+99
",78,99,177,Test
"27+49
",27,49,76,Test
"52+23
",52,23,75,Test
"63+97
",63,97,160,Test
" 85+9
",85,9,94,Test
"36+30
",36,30,66,Test
"33+54
",33,54,87,Test
" 2+44
",2,44,46,Test
"76+94
",76,94,170,Test
"78+50
",78,50,128,Test
"49+26
",49,26,75,Test
"12+44
",12,44,56,Test
"66+11
",66,11,77,Test
"87+73
",87,73,160,Test
"66+83
",66,83,149,Test
"54+34
",54,34,88,Test
"78+56
",78,56,134,Test
" 34+1
",34,1,35,Test
"40+65
",40,65,105,Test
"47+74
",47,74,121,Test
"32+98
",32,98,130,Test
"73+89
",73,89,162,Test
"91+79
",91,79,170,Test
"31+58
",31,58,89,Test
"15+66
",15,66,81,Test
"50+95
",50,95,145,Test
"56+85
",56,85,141,Test
"59+77
",59,77,136,Test
" 21+8
",21,8,29,Test
"52+27
",52,27,79,Test
"58+74
",58,74,132,Test
"41+73
",41,73,114,Test
"91+55
",91,55,146,Test
"27+61
",27,61,88,Test
"52+70
",52,70,122,Test
"90+48
",90,48,138,Test
"56+88
",56,88,144,Test
"61+87
",61,87,148,Test
"46+25
",46,25,71,Test
"33+68
",33,68,101,Test
"73+47
",73,47,120,Test
"77+64
",77,64,141,Test
"13+74
",13,74,87,Test
"41+66
",41,66,107,Test
"27+25
",27,25,52,Test
"90+14
",90,14,104,Test
"72+83
",72,83,155,Test
"11+85
",11,85,96,Test
" 69+1
",69,1,70,Test
"75+88
",75,88,163,Test
"  9+9
",9,9,18,Test
"19+97
",19,97,116,Test
"74+81
",74,81,155,Test
"47+86
",47,86,133,Test
"13+19
",13,19,32,Test
" 0+46
",0,46,46,Test
"11+29
",11,29,40,Test
"68+91
",68,91,159,Test
"85+79
",85,79,164,Test
"51+67
",51,67,118,Test
"15+94
",15,94,109,Test
"58+10
",58,10,68,Test
" 4+10
",4,10,14,Test
"85+53
",85,53,138,Test
"44+28
",44,28,72,Test
" 4+16
",4,16,20,Test
"49+85
",49,85,134,Test
" 43+0
",43,0,43,Test
" 4+21
",4,21,25,Test
" 7+42
",7,42,49,Test
"55+60
",55,60,115,Test
"88+14
",88,14,102,Test
"16+22
",16,22,38,Test
"84+68
",84,68,152,Test
"73+38
",73,38,111,Test
"43+94
",43,94,137,Test
"56+77
",56,77,133,Test
"77+94
",77,94,171,Test
"12+28
",12,28,40,Test
"74+92
",74,92,166,Test
"  9+2
",9,2,11,Test
" 0+42
",0,42,42,Test
"25+73
",25,73,98,Test
"57+30
",57,30,87,Test
"35+73
",35,73,108,Test
"94+39
",94,39,133,Test
"31+81
",31,81,112,Test
" 12+3
",12,3,15,Test
"10+26
",10,26,36,Test
"69+23
",69,23,92,Test
"16+85
",16,85,101,Test
" 7+45
",7,45,52,Test
"12+39
",12,39,51,Test
"64+35
",64,35,99,Test
"19+23
",19,23,42,Test
" 5+29
",5,29,34,Test
" 39+2
",39,2,41,Test
"63+71
",63,71,134,Test
"29+23
",29,23,52,Test
"76+47
",76,47,123,Test
"96+84
",96,84,180,Test
"99+54
",99,54,153,Test
"10+89
",10,89,99,Test
"21+91
",21,91,112,Test
"98+38
",98,38,136,Test
"25+26
",25,26,51,Test
"29+13
",29,13,42,Test
" 49+2
",49,2,51,Test
" 8+15
",8,15,23,Test
" 2+50
",2,50,52,Test
"41+51
",41,51,92,Test
"11+99
",11,99,110,Test
"70+88
",70,88,158,Test
"59+98
",59,98,157,Test
"15+61
",15,61,76,Test
"40+21
",40,21,61,Test
" 74+5
",74,5,79,Test
" 87+1
",87,1,88,Test
" 4+96
",4,96,100,Test
"17+76
",17,76,93,Test
"70+34
",70,34,104,Test
" 4+49
",4,49,53,Test
"90+84
",90,84,174,Test
"65+43
",65,43,108,Test
"17+71
",17,71,88,Test
" 31+5
",31,5,36,Test
"80+78
",80,78,158,Test
"35+53
",35,53,88,Test
"24+67
",24,67,91,Test
"  9+0
",9,0,9,Test
"28+52
",28,52,80,Test
"81+12
",81,12,93,Test
"58+30
",58,30,88,Test
"51+47
",51,47,98,Test
"64+60
",64,60,124,Test
"72+67
",72,67,139,Test
" 77+6
",77,6,83,Test
"46+98
",46,98,144,Test
"89+19
",89,19,108,Test
"30+17
",30,17,47,Test
"58+80
",58,80,138,Test
"15+21
",15,21,36,Test
" 55+1
",55,1,56,Test
"65+66
",65,66,131,Test
"88+49
",88,49,137,Test
"84+14
",84,14,98,Test
"12+26
",12,26,38,Test
"48+91
",48,91,139,Test
"25+99
",25,99,124,Test
"64+73
",64,73,137,Test
"  5+4
",5,4,9,Test
"10+75
",10,75,85,Test
" 59+0
",59,0,59,Test
"70+50
",70,50,120,Test
"63+63
",63,63,126,Test
"15+18
",15,18,33,Test
"93+86
",93,86,179,Test
"32+68
",32,68,100,Test
"24+68
",24,68,92,Test
"43+68
",43,68,111,Test
" 63+8
",63,8,71,Test
" 8+41
",8,41,49,Test
"84+43
",84,43,127,Test
"28+13
",28,13,41,Test
"29+62
",29,62,91,Test
"10+28
",10,28,38,Test
" 5+94
",5,94,99,Test
"30+52
",30,52,82,Test
" 0+70
",0,70,70,Test
" 94+9
",94,9,103,Test
"50+37
",50,37,87,Test
"  6+5
",6,5,11,Test
"63+76
",63,76,139,Test
"62+68
",62,68,130,Test
"68+78
",68,78,146,Test
"69+37
",69,37,106,Test
"73+80
",73,80,153,Test
" 5+22
",5,22,27,Test
"58+85
",58,85,143,Test
"51+94
",51,94,145,Test
"27+80
",27,80,107,Test
"59+47
",59,47,106,Test
" 88+4
",88,4,92,Test
"22+15
",22,15,37,Test
"  5+8
",5,8,13,Test
"24+40
",24,40,64,Test
" 6+92
",6,92,98,Test
"10+23
",10,23,33,Test
"57+17
",57,17,74,Test
"29+95
",29,95,124,Test
"26+87
",26,87,113,Test
"14+65
",14,65,79,Test
"16+78
",16,78,94,Test
" 35+5
",35,5,40,Test
"66+59
",66,59,125,Test
"27+32
",27,32,59,Test
" 73+3
",73,3,76,Test
"30+70
",30,70,100,Test
"43+96
",43,96,139,Test
"59+61
",59,61,120,Test
"62+53
",62,53,115,Test
"35+39
",35,39,74,Test
"77+93
",77,93,170,Test
"  4+7
",4,7,11,Test
"14+21
",14,21,35,Test
"97+17
",97,17,114,Test
"36+14
",36,14,50,Test
"39+72
",39,72,111,Test
" 6+82
",6,82,88,Test
"23+49
",23,49,72,Test
"44+97
",44,97,141,Test
"59+51
",59,51,110,Test
"87+80
",87,80,167,Test
"37+17
",37,17,54,Test
"94+85
",94,85,179,Test
"57+83
",57,83,140,Test
"84+50
",84,50,134,Test
"22+57
",22,57,79,Test
"38+34
",38,34,72,Test
"62+92
",62,92,154,Test
"71+88
",71,88,159,Test
"48+36
",48,36,84,Test
" 2+25
",2,25,27,Test
"89+75
",89,75,164,Test
"52+45
",52,45,97,Test
"33+37
",33,37,70,Test
"76+13
",76,13,89,Test
"23+50
",23,50,73,Test
"38+78
",38,78,116,Test
"18+57
",18,57,75,Test
" 9+64
",9,64,73,Test
"85+27
",85,27,112,Test
"45+22
",45,22,67,Test
"41+75
",41,75,116,Test
"47+14
",47,14,61,Test
"73+42
",73,42,115,Test
"65+20
",65,20,85,Test
"13+37
",13,37,50,Test
"31+55
",31,55,86,Test
"77+15
",77,15,92,Test
"94+27
",94,27,121,Test
" 3+25
",3,25,28,Test
"48+33
",48,33,81,Test
"65+56
",65,56,121,Test
"62+46
",62,46,108,Test
"10+84
",10,84,94,Test
"50+90
",50,90,140,Test
" 6+28
",6,28,34,Test
"53+96
",53,96,149,Test
"68+33
",68,33,101,Test
"74+44
",74,44,118,Test
"52+91
",52,91,143,Test
"86+34
",86,34,120,Test
"37+18
",37,18,55,Test
"76+39
",76,39,115,Test
"60+47
",60,47,107,Test
"45+45
",45,45,90,Test
" 3+24
",3,24,27,Test
"37+27
",37,27,64,Test
" 87+4
",87,4,91,Test
"46+57
",46,57,103,Test
" 5+27
",5,27,32,Test
"24+58
",24,58,82,Test
"88+69
",88,69,157,Test
"96+70
",96,70,166,Test
"51+92
",51,92,143,Test
"32+86
",32,86,118,Test
"13+33
",13,33,46,Test
"  6+9
",6,9,15,Test
"17+28
",17,28,45,Test
"89+61
",89,61,150,Test
"58+59
",58,59,117,Test
"77+33
",77,33,110,Test
"40+20
",40,20,60,Test
"31+25
",31,25,56,Test
"56+35
",56,35,91,Test
"60+11
",60,11,71,Test
"79+80
",79,80,159,Test
"10+71
",10,71,81,Test
"40+69
",40,69,109,Test
"27+47
",27,47,74,Test
"50+72
",50,72,122,Test
"50+23
",50,23,73,Test
"99+39
",99,39,138,Test
"56+53
",56,53,109,Test
"94+93
",94,93,187,Test
"13+55
",13,55,68,Test
"60+84
",60,84,144,Test
" 8+55
",8,55,63,Test
"23+89
",23,89,112,Test
"86+94
",86,94,180,Test
" 43+3
",43,3,46,Test
"45+75
",45,75,120,Test
" 33+3
",33,3,36,Test
" 24+4
",24,4,28,Test
"61+42
",61,42,103,Test
" 20+5
",20,5,25,Test
"45+53
",45,53,98,Test
"96+49
",96,49,145,Test
"62+35
",62,35,97,Test
"82+82
",82,82,164,Test
"91+40
",91,40,131,Test
"57+44
",57,44,101,Test
"99+93
",99,93,192,Test
"21+26
",21,26,47,Test
"10+30
",10,30,40,Test
"81+83
",81,83,164,Test
"15+58
",15,58,73,Test
"89+92
",89,92,181,Test
"67+63
",67,63,130,Test
"15+76
",15,76,91,Test
"28+20
",28,20,48,Test
"68+32
",68,32,100,Test
"42+80
",42,80,122,Test
"14+67
",14,67,81,Test
"35+87
",35,87,122,Test
"20+51
",20,51,71,Test
"25+70
",25,70,95,Test
" 7+71
",7,71,78,Test
"78+54
",78,54,132,Test
"45+10
",45,10,55,Test
"60+76
",60,76,136,Test
"15+14
",15,14,29,Test
"64+89
",64,89,153,Test
" 3+36
",3,36,39,Test
"75+24
",75,24,99,Test
"17+83
",17,83,100,Test
"42+11
",42,11,53,Test
"27+40
",27,40,67,Test
"71+66
",71,66,137,Test
"70+11
",70,11,81,Test
"27+13
",27,13,40,Test
"28+23
",28,23,51,Test
"56+82
",56,82,138,Test
"87+59
",87,59,146,Test
"98+93
",98,93,191,Test
"16+98
",16,98,114,Test
"34+53
",34,53,87,Test
"42+83
",42,83,125,Test
" 2+76
",2,76,78,Test
"39+41
",39,41,80,Test
"92+16
",92,16,108,Test
" 6+41
",6,41,47,Test
"94+31
",94,31,125,Test
"  5+0
",5,0,5,Test
" 89+5
",89,5,94,Test
"14+79
",14,79,93,Test
"15+30
",15,30,45,Test
"76+33
",76,33,109,Test
"32+91
",32,91,123,Test
"40+67
",40,67,107,Test
"95+10
",95,10,105,Test
"67+88
",67,88,155,Test
"38+47
",38,47,85,Test
"66+58
",66,58,124,Test
"70+28
",70,28,98,Test
"90+67
",90,67,157,Test
"34+69
",34,69,103,Test
" 17+6
",17,6,23,Test
"29+32
",29,32,61,Test
"59+32
",59,32,91,Test
" 59+9
",59,9,68,Test
"56+49
",56,49,105,Test
"99+22
",99,22,121,Test
"49+39
",49,39,88,Test
" 41+6
",41,6,47,Test
"72+62
",72,62,134,Test
"60+20
",60,20,80,Test
"95+94
",95,94,189,Test
"65+39
",65,39,104,Test
" 80+2
",80,2,82,Test
" 93+5
",93,5,98,Test
"53+83
",53,83,136,Test
"35+42
",35,42,77,Test
" 68+5
",68,5,73,Test
"91+85
",91,85,176,Test
"26+32
",26,32,58,Test
"55+83
",55,83,138,Test
"36+18
",36,18,54,Test
"72+50
",72,50,122,Test
"34+37
",34,37,71,Test
"85+83
",85,83,168,Test
"10+41
",10,41,51,Test
" 63+9
",63,9,72,Test
"90+17
",90,17,107,Test
"26+11
",26,11,37,Test
"62+87
",62,87,149,Test
"68+65
",68,65,133,Test
" 4+92
",4,92,96,Test
" 3+10
",3,10,13,Test
"60+75
",60,75,135,Test
"97+16
",97,16,113,Test
"74+80
",74,80,154,Test
"87+47
",87,47,134,Test
"74+61
",74,61,135,Test
"17+99
",17,99,116,Test
"53+42
",53,42,95,Test
" 2+48
",2,48,50,Test
"38+19
",38,19,57,Test
"45+74
",45,74,119,Test
"62+96
",62,96,158,Test
"63+46
",63,46,109,Test
"62+19
",62,19,81,Test
"24+56
",24,56,80,Test
"57+81
",57,81,138,Test
"34+96
",34,96,130,Test
"40+52
",40,52,92,Test
"10+73
",10,73,83,Test
"58+70
",58,70,128,Test
"87+68
",87,68,155,Test
" 4+53
",4,53,57,Test
"63+17
",63,17,80,Test
"67+75
",67,75,142,Test
"82+23
",82,23,105,Test
"96+56
",96,56,152,Test
"10+20
",10,20,30,Test
"34+11
",34,11,45,Test
"89+95
",89,95,184,Test
"12+55
",12,55,67,Test
"45+39
",45,39,84,Test
"39+36
",39,36,75,Test
" 81+7
",81,7,88,Test
"24+32
",24,32,56,Test
"66+54
",66,54,120,Test
"67+70
",67,70,137,Test
"71+14
",71,14,85,Test
"67+47
",67,47,114,Test
"55+56
",55,56,111,Test
"78+41
",78,41,119,Test
"23+95
",23,95,118,Test
"50+80
",50,80,130,Test
"31+83
",31,83,114,Test
"83+48
",83,48,131,Test
"60+49
",60,49,109,Test
"25+78
",25,78,103,Test
"13+31
",13,31,44,Test
" 82+7
",82,7,89,Test
"30+40
",30,40,70,Test
"54+55
",54,55,109,Test
" 75+1
",75,1,76,Test
" 63+5
",63,5,68,Test
"77+89
",77,89,166,Test
"45+83
",45,83,128,Test
"57+62
",57,62,119,Test
"59+53
",59,53,112,Test
"97+95
",97,95,192,Test
"22+43
",22,43,65,Test
"83+63
",83,63,146,Test
" 5+92
",5,92,97,Test
"10+74
",10,74,84,Test
" 5+19
",5,19,24,Test
"97+73
",97,73,170,Test
"24+16
",24,16,40,Test
"92+72
",92,72,164,Test
"68+77
",68,77,145,Test
"33+85
",33,85,118,Test
"58+15
",58,15,73,Test
"60+95
",60,95,155,Test
"15+90
",15,90,105,Test
"16+48
",16,48,64,Test
"82+79
",82,79,161,Test
" 7+49
",7,49,56,Test
"30+19
",30,19,49,Test
"54+53
",54,53,107,Test
"78+68
",78,68,146,Test
"94+36
",94,36,130,Test
"20+30
",20,30,50,Test
"81+40
",81,40,121,Test
"80+86
",80,86,166,Test
"44+42
",44,42,86,Test
" 9+58
",9,58,67,Test
" 8+35
",8,35,43,Test
"83+10
",83,10,93,Test
"63+12
",63,12,75,Test
" 96+1
",96,1,97,Test
"68+93
",68,93,161,Test
" 43+9
",43,9,52,Test
"82+19
",82,19,101,Test
"52+77
",52,77,129,Test
"49+52
",49,52,101,Test
"24+82
",24,82,106,Test
" 40+2
",40,2,42,Test
"61+74
",61,74,135,Test
"17+87
",17,87,104,Test
"53+60
",53,60,113,Test
"27+67
",27,67,94,Test
"48+43
",48,43,91,Test
"39+38
",39,38,77,Test
"59+68
",59,68,127,Test
"24+37
",24,37,61,Test
"84+69
",84,69,153,Test
" 81+4
",81,4,85,Test
"82+99
",82,99,181,Test
"63+35
",63,35,98,Test
" 0+24
",0,24,24,Test
"40+16
",40,16,56,Test
"84+38
",84,38,122,Test
"33+19
",33,19,52,Test
"55+42
",55,42,97,Test
"16+37
",16,37,53,Test
"56+51
",56,51,107,Test
"26+31
",26,31,57,Test
" 35+9
",35,9,44,Test
"87+43
",87,43,130,Test
"56+15
",56,15,71,Test
"33+95
",33,95,128,Test
"92+33
",92,33,125,Test
"60+22
",60,22,82,Test
"74+78
",74,78,152,Test
"83+54
",83,54,137,Test
"99+16
",99,16,115,Test
" 62+6
",62,6,68,Test
"17+61
",17,61,78,Test
" 7+68
",7,68,75,Test
"42+10
",42,10,52,Test
"40+14
",40,14,54,Test
"87+25
",87,25,112,Test
"41+96
",41,96,137,Test
"14+49
",14,49,63,Test
"39+35
",39,35,74,Test
"76+16
",76,16,92,Test
"65+58
",65,58,123,Test
"89+26
",89,26,115,Test
"11+83
",11,83,94,Test
"28+27
",28,27,55,Test
"97+84
",97,84,181,Test
" 5+17
",5,17,22,Test
"92+67
",92,67,159,Test
"90+36
",90,36,126,Test
"93+20
",93,20,113,Test
" 9+22
",9,22,31,Test
"41+42
",41,42,83,Test
"  6+3
",6,3,9,Test
"82+96
",82,96,178,Test
"31+36
",31,36,67,Test
"22+35
",22,35,57,Test
"80+69
",80,69,149,Test
"99+36
",99,36,135,Test
"85+40
",85,40,125,Test
"54+90
",54,90,144,Test
" 44+7
",44,7,51,Test
"74+30
",74,30,104,Test
"65+86
",65,86,151,Test
"51+65
",51,65,116,Test
"76+10
",76,10,86,Test
"88+56
",88,56,144,Test
"40+13
",40,13,53,Test
"60+58
",60,58,118,Test
"62+38
",62,38,100,Test
"21+60
",21,60,81,Test
" 6+97
",6,97,103,Test
"59+36
",59,36,95,Test
"81+73
",81,73,154,Test
" 40+0
",40,0,40,Test
"78+13
",78,13,91,Test
"66+10
",66,10,76,Test
"24+66
",24,66,90,Test
"30+58
",30,58,88,Test
"26+20
",26,20,46,Test
"70+13
",70,13,83,Test
" 6+76
",6,76,82,Test
"69+38
",69,38,107,Test
"23+24
",23,24,47,Test
" 3+71
",3,71,74,Test
"83+84
",83,84,167,Test
"31+11
",31,11,42,Test
"43+60
",43,60,103,Test
" 35+0
",35,0,35,Test
" 53+2
",53,2,55,Test
" 30+6
",30,6,36,Test
"64+90
",64,90,154,Test
" 9+39
",9,39,48,Test
"85+57
",85,57,142,Test
"77+44
",77,44,121,Test
" 0+37
",0,37,37,Test
" 3+22
",3,22,25,Test
" 8+24
",8,24,32,Test
"78+20
",78,20,98,Test
"71+92
",71,92,163,Test
"98+97
",98,97,195,Test
" 42+2
",42,2,44,Test
"85+14
",85,14,99,Test
" 9+40
",9,40,49,Test
"48+27
",48,27,75,Test
"71+18
",71,18,89,Test
"75+84
",75,84,159,Test
"93+68
",93,68,161,Test
"74+32
",74,32,106,Test
" 55+6
",55,6,61,Test
"24+99
",24,99,123,Test
"70+63
",70,63,133,Test
" 6+33
",6,33,39,Test
" 8+80
",8,80,88,Test
"97+13
",97,13,110,Test
"34+81
",34,81,115,Test
"93+10
",93,10,103,Test
"33+72
",33,72,105,Test
"70+58
",70,58,128,Test
" 5+25
",5,25,30,Test
"21+28
",21,28,49,Test
"14+76
",14,76,90,Test
"39+92
",39,92,131,Test
"62+25
",62,25,87,Test
"48+54
",48,54,102,Test
"18+93
",18,93,111,Test
"63+75
",63,75,138,Test
"88+68
",88,68,156,Test
"88+41
",88,41,129,Test
"65+78
",65,78,143,Test
"92+90
",92,90,182,Test
"92+63
",92,63,155,Test
"18+44
",18,44,62,Test
"32+83
",32,83,115,Test
"60+77
",60,77,137,Test
"50+84
",50,84,134,Test
"36+58
",36,58,94,Test
"11+88
",11,88,99,Test
"90+75
",90,75,165,Test
"60+88
",60,88,148,Test
"97+24
",97,24,121,Test
"13+23
",13,23,36,Test
"81+75
",81,75,156,Test
"48+98
",48,98,146,Test
"70+87
",70,87,157,Test
"63+18
",63,18,81,Test
"68+84
",68,84,152,Test
"51+88
",51,88,139,Test
"21+95
",21,95,116,Test
"76+51
",76,51,127,Test
"29+64
",29,64,93,Test
"11+63
",11,63,74,Test
"75+73
",75,73,148,Test
"14+31
",14,31,45,Test
" 66+5
",66,5,71,Test
"22+93
",22,93,115,Test
"30+21
",30,21,51,Test
"42+61
",42,61,103,Test
"75+20
",75,20,95,Test
"75+75
",75,75,150,Test
"89+70
",89,70,159,Test
"35+94
",35,94,129,Test
"83+55
",83,55,138,Test
"48+21
",48,21,69,Test
" 34+0
",34,0,34,Test
"63+93
",63,93,156,Test
"66+97
",66,97,163,Test
"78+89
",78,89,167,Test
"20+53
",20,53,73,Test
"73+41
",73,41,114,Test
"45+17
",45,17,62,Test
"97+23
",97,23,120,Test
"36+62
",36,62,98,Test
"36+53
",36,53,89,Test
" 0+25
",0,25,25,Test
" 2+39
",2,39,41,Test
" 89+8
",89,8,97,Test
"89+84
",89,84,173,Test
" 6+38
",6,38,44,Test
" 75+8
",75,8,83,Test
" 8+51
",8,51,59,Test
"12+99
",12,99,111,Test
"59+78
",59,78,137,Test
"50+89
",50,89,139,Test
"14+13
",14,13,27,Test
"95+56
",95,56,151,Test
" 5+59
",5,59,64,Test
"82+93
",82,93,175,Test
"84+57
",84,57,141,Test
"83+92
",83,92,175,Test
"10+92
",10,92,102,Test
"90+73
",90,73,163,Test
"20+93
",20,93,113,Test
"40+62
",40,62,102,Test
"93+85
",93,85,178,Test
" 2+88
",2,88,90,Test
"18+92
",18,92,110,Test
" 1+16
",1,16,17,Test
"69+71
",69,71,140,Test
" 7+89
",7,89,96,Test
" 88+9
",88,9,97,Test
"78+88
",78,88,166,Test
"58+38
",58,38,96,Test
"61+19
",61,19,80,Test
"43+12
",43,12,55,Test
"68+44
",68,44,112,Test
"58+95
",58,95,153,Test
"86+79
",86,79,165,Test
"38+89
",38,89,127,Test
"88+29
",88,29,117,Test
"24+84
",24,84,108,Test
"24+92
",24,92,116,Test
"27+84
",27,84,111,Test
"20+16
",20,16,36,Test
" 5+82
",5,82,87,Test
"25+15
",25,15,40,Test
"24+49
",24,49,73,Test
" 15+5
",15,5,20,Test
" 9+48
",9,48,57,Test
"67+43
",67,43,110,Test
"20+26
",20,26,46,Test
"57+28
",57,28,85,Test
"23+87
",23,87,110,Test
"35+26
",35,26,61,Test
"30+27
",30,27,57,Test
"52+40
",52,40,92,Test
"68+66
",68,66,134,Test
"57+97
",57,97,154,Test
"73+62
",73,62,135,Test
"54+27
",54,27,81,Test
"95+71
",95,71,166,Test
"29+76
",29,76,105,Test
"22+23
",22,23,45,Test
"10+87
",10,87,97,Test
"30+71
",30,71,101,Test
"17+55
",17,55,72,Test
"99+67
",99,67,166,Test
"21+78
",21,78,99,Test
" 3+31
",3,31,34,Test
"87+85
",87,85,172,Test
"58+13
",58,13,71,Test
" 17+1
",17,1,18,Test
" 26+0
",26,0,26,Test
" 26+4
",26,4,30,Test
" 0+74
",0,74,74,Test
"76+53
",76,53,129,Test
"11+24
",11,24,35,Test
" 86+3
",86,3,89,Test
" 57+7
",57,7,64,Test
"45+28
",45,28,73,Test
"13+63
",13,63,76,Test
" 42+8
",42,8,50,Test
"66+94
",66,94,160,Test
"34+33
",34,33,67,Test
" 10+4
",10,4,14,Test
"71+43
",71,43,114,Test
"85+60
",85,60,145,Test
"96+91
",96,91,187,Test
"30+59
",30,59,89,Test
"58+12
",58,12,70,Test
"90+51
",90,51,141,Test
"38+76
",38,76,114,Test
"86+28
",86,28,114,Test
"93+22
",93,22,115,Test
"19+34
",19,34,53,Test
"20+44
",20,44,64,Test
"83+21
",83,21,104,Test
"72+71
",72,71,143,Test
"34+56
",34,56,90,Test
" 6+29
",6,29,35,Test
" 7+88
",7,88,95,Test
"57+78
",57,78,135,Test
" 1+58
",1,58,59,Test
"92+45
",92,45,137,Test
"40+78
",40,78,118,Test
"96+98
",96,98,194,Test
"43+58
",43,58,101,Test
" 6+64
",6,64,70,Test
"88+66
",88,66,154,Test
"60+23
",60,23,83,Test
"53+78
",53,78,131,Test
" 9+78
",9,78,87,Test
"  1+4
",1,4,5,Test
"91+22
",91,22,113,Test
"  3+1
",3,1,4,Test
"88+55
",88,55,143,Test
" 3+16
",3,16,19,Test
"65+17
",65,17,82,Test
"53+24
",53,24,77,Test
"49+27
",49,27,76,Test
"10+72
",10,72,82,Test
"57+99
",57,99,156,Test
"85+91
",85,91,176,Test
"44+61
",44,61,105,Test
"45+82
",45,82,127,Test
" 3+18
",3,18,21,Test
"76+81
",76,81,157,Test
"95+61
",95,61,156,Test
"28+82
",28,82,110,Test
"36+83
",36,83,119,Test
" 1+86
",1,86,87,Test
" 4+19
",4,19,23,Test
"24+53
",24,53,77,Test
"14+58
",14,58,72,Test
"88+31
",88,31,119,Test
"25+46
",25,46,71,Test
" 81+0
",81,0,81,Test
" 14+4
",14,4,18,Test
"67+44
",67,44,111,Test
"93+17
",93,17,110,Test
"87+51
",87,51,138,Test
"88+23
",88,23,111,Test
"74+35
",74,35,109,Test
"49+42
",49,42,91,Test
" 31+8
",31,8,39,Test
"35+66
",35,66,101,Test
" 73+7
",73,7,80,Test
"14+18
",14,18,32,Test
"99+82
",99,82,181,Test
"11+39
",11,39,50,Test
"78+71
",78,71,149,Test
"82+52
",82,52,134,Test
"41+91
",41,91,132,Test
"76+93
",76,93,169,Test
" 19+5
",19,5,24,Test
" 10+5
",10,5,15,Test
"76+91
",76,91,167,Test
"23+82
",23,82,105,Test
" 5+11
",5,11,16,Test
"28+66
",28,66,94,Test
"75+47
",75,47,122,Test
" 4+38
",4,38,42,Test
"36+41
",36,41,77,Test
"33+77
",33,77,110,Test
"91+31
",91,31,122,Test
"87+86
",87,86,173,Test
"96+12
",96,12,108,Test
"11+13
",11,13,24,Test
"44+32
",44,32,76,Test
"47+41
",47,41,88,Test
"11+62
",11,62,73,Test
" 8+61
",8,61,69,Test
"39+59
",39,59,98,Test
"94+75
",94,75,169,Test
"28+38
",28,38,66,Test
"91+84
",91,84,175,Test
"39+87
",39,87,126,Test
" 9+77
",9,77,86,Test
"21+45
",21,45,66,Test
"54+68
",54,68,122,Test
"38+66
",38,66,104,Test
" 17+3
",17,3,20,Test
"70+46
",70,46,116,Test
"41+28
",41,28,69,Test
"83+25
",83,25,108,Test
"48+39
",48,39,87,Test
"38+50
",38,50,88,Test
"83+31
",83,31,114,Test
"31+63
",31,63,94,Test
"93+77
",93,77,170,Test
"71+74
",71,74,145,Test
"90+89
",90,89,179,Test
"29+47
",29,47,76,Test
"33+84
",33,84,117,Test
"39+37
",39,37,76,Test
"92+32
",92,32,124,Test
"90+61
",90,61,151,Test
" 7+18
",7,18,25,Test
"42+63
",42,63,105,Test
"99+14
",99,14,113,Test
"90+60
",90,60,150,Test
"67+72
",67,72,139,Test
"13+88
",13,88,101,Test
"22+46
",22,46,68,Test
"13+14
",13,14,27,Test
"71+42
",71,42,113,Test
"90+43
",90,43,133,Test
"62+11
",62,11,73,Test
"19+43
",19,43,62,Test
"56+68
",56,68,124,Test
"28+72
",28,72,100,Test
"57+12
",57,12,69,Test
" 0+78
",0,78,78,Test
"71+13
",71,13,84,Test
"68+27
",68,27,95,Test
"35+11
",35,11,46,Test
"47+27
",47,27,74,Test
"59+14
",59,14,73,Test
"83+47
",83,47,130,Test
"73+79
",73,79,152,Test
"71+94
",71,94,165,Test
"52+37
",52,37,89,Test
"15+93
",15,93,108,Test
" 3+58
",3,58,61,Test
"26+61
",26,61,87,Test
"77+20
",77,20,97,Test
"20+22
",20,22,42,Test
"23+27
",23,27,50,Test
"59+58
",59,58,117,Test
"90+34
",90,34,124,Test
" 77+0
",77,0,77,Test
" 7+50
",7,50,57,Test
"75+77
",75,77,152,Test
"32+17
",32,17,49,Test
"26+93
",26,93,119,Test
"48+94
",48,94,142,Test
" 3+88
",3,88,91,Test
"20+60
",20,60,80,Test
"22+87
",22,87,109,Test
"33+98
",33,98,131,Test
"89+73
",89,73,162,Test
"27+88
",27,88,115,Test
" 16+3
",16,3,19,Test
"63+55
",63,55,118,Test
"24+55
",24,55,79,Test
"95+79
",95,79,174,Test
"49+37
",49,37,86,Test
"64+37
",64,37,101,Test
"16+99
",16,99,115,Test
"18+56
",18,56,74,Test
"82+92
",82,92,174,Test
"23+35
",23,35,58,Test
"15+68
",15,68,83,Test
" 6+25
",6,25,31,Test
"80+23
",80,23,103,Test
"30+32
",30,32,62,Test
"43+93
",43,93,136,Test
" 26+7
",26,7,33,Test
"72+21
",72,21,93,Test
"16+63
",16,63,79,Test
"70+81
",70,81,151,Test
"27+33
",27,33,60,Test
" 97+7
",97,7,104,Test
"65+15
",65,15,80,Test
" 7+10
",7,10,17,Test
" 95+8
",95,8,103,Test
"75+28
",75,28,103,Test
"48+59
",48,59,107,Test
" 0+63
",0,63,63,Test
"96+37
",96,37,133,Test
"58+18
",58,18,76,Test
"31+51
",31,51,82,Test
"21+14
",21,14,35,Test
"82+81
",82,81,163,Test
"63+84
",63,84,147,Test
"97+25
",97,25,122,Test
"82+77
",82,77,159,Test
"72+49
",72,49,121,Test
" 1+92
",1,92,93,Test
"26+52
",26,52,78,Test
"31+23
",31,23,54,Test
"94+34
",94,34,128,Test
"89+80
",89,80,169,Test
"68+92
",68,92,160,Test
" 0+67
",0,67,67,Test
"66+14
",66,14,80,Test
" 9+26
",9,26,35,Test
" 13+3
",13,3,16,Test
"13+44
",13,44,57,Test
" 28+3
",28,3,31,Test
"48+30
",48,30,78,Test
"93+18
",93,18,111,Test
"15+92
",15,92,107,Test
" 48+4
",48,4,52,Test
"83+46
",83,46,129,Test
"25+11
",25,11,36,Test
"77+43
",77,43,120,Test
"87+33
",87,33,120,Test
"49+94
",49,94,143,Test
"55+55
",55,55,110,Test
"27+66
",27,66,93,Test
" 3+56
",3,56,59,Test
"29+43
",29,43,72,Test
"35+40
",35,40,75,Test
"51+83
",51,83,134,Test
"83+62
",83,62,145,Test
"79+42
",79,42,121,Test
"95+85
",95,85,180,Test
"90+82
",90,82,172,Test
"40+97
",40,97,137,Test
"26+88
",26,88,114,Test
"73+65
",73,65,138,Test
"22+48
",22,48,70,Test
"39+90
",39,90,129,Test
"85+48
",85,48,133,Test
"12+93
",12,93,105,Test
"35+55
",35,55,90,Test
"80+87
",80,87,167,Test
" 6+16
",6,16,22,Test
"58+67
",58,67,125,Test
"77+13
",77,13,90,Test
"75+85
",75,85,160,Test
"51+59
",51,59,110,Test
"51+31
",51,31,82,Test
"71+40
",71,40,111,Test
"86+81
",86,81,167,Test
" 24+7
",24,7,31,Test
"14+16
",14,16,30,Test
" 59+5
",59,5,64,Test
"91+36
",91,36,127,Test
" 12+8
",12,8,20,Test
"86+56
",86,56,142,Test
" 1+49
",1,49,50,Test
"41+92
",41,92,133,Test
"65+49
",65,49,114,Test
"93+88
",93,88,181,Test
" 16+1
",16,1,17,Test
"82+55
",82,55,137,Test
"51+62
",51,62,113,Test
"76+37
",76,37,113,Test
"17+30
",17,30,47,Test
" 39+6
",39,6,45,Test
"49+90
",49,90,139,Test
"44+68
",44,68,112,Test
"72+91
",72,91,163,Test
" 4+33
",4,33,37,Test
"52+99
",52,99,151,Test
" 78+9
",78,9,87,Test
"51+48
",51,48,99,Test
"95+52
",95,52,147,Test
"69+39
",69,39,108,Test
"15+28
",15,28,43,Test
"92+19
",92,19,111,Test
"15+55
",15,55,70,Test
"46+34
",46,34,80,Test
"25+66
",25,66,91,Test
" 40+7
",40,7,47,Test
"23+59
",23,59,82,Test
" 33+9
",33,9,42,Test
"33+64
",33,64,97,Test
"22+67
",22,67,89,Test
"43+53
",43,53,96,Test
"43+37
",43,37,80,Test
"72+75
",72,75,147,Test
" 7+28
",7,28,35,Test
" 8+88
",8,88,96,Test
"71+49
",71,49,120,Test
" 56+4
",56,4,60,Test
" 80+7
",80,7,87,Test
" 45+0
",45,0,45,Test
"54+28
",54,28,82,Test
"45+41
",45,41,86,Test
"89+71
",89,71,160,Test
"66+31
",66,31,97,Test
"44+73
",44,73,117,Test
"35+25
",35,25,60,Test
" 6+99
",6,99,105,Test
"97+90
",97,90,187,Test
"57+93
",57,93,150,Test
" 28+2
",28,2,30,Test
"12+50
",12,50,62,Test
"77+66
",77,66,143,Test
"29+48
",29,48,77,Test
"60+67
",60,67,127,Test
"31+17
",31,17,48,Test
"19+85
",19,85,104,Test
"73+16
",73,16,89,Test
"99+65
",99,65,164,Test
"  7+4
",7,4,11,Test
"38+12
",38,12,50,Test
"61+50
",61,50,111,Test
"23+15
",23,15,38,Test
"93+87
",93,87,180,Test
" 5+45
",5,45,50,Test
" 64+2
",64,2,66,Test
"59+84
",59,84,143,Test
"34+91
",34,91,125,Test
"61+53
",61,53,114,Test
"97+42
",97,42,139,Test
"30+80
",30,80,110,Test
"86+98
",86,98,184,Test
"68+48
",68,48,116,Test
"75+54
",75,54,129,Test
" 90+1
",90,1,91,Test
"70+70
",70,70,140,Test
"11+19
",11,19,30,Test
"21+86
",21,86,107,Test
"51+13
",51,13,64,Test
"97+15
",97,15,112,Test
"91+91
",91,91,182,Test
"14+30
",14,30,44,Test
"82+12
",82,12,94,Test
"74+14
",74,14,88,Test
"  7+3
",7,3,10,Test
"10+93
",10,93,103,Test
"32+66
",32,66,98,Test
" 3+30
",3,30,33,Test
"77+76
",77,76,153,Test
"46+22
",46,22,68,Test
"90+92
",90,92,182,Test
" 8+49
",8,49,57,Test
"19+13
",19,13,32,Test
" 72+8
",72,8,80,Test
"56+86
",56,86,142,Test
"58+25
",58,25,83,Test
" 7+44
",7,44,51,Test
"38+77
",38,77,115,Test
" 9+90
",9,90,99,Test
"47+59
",47,59,106,Test
" 6+88
",6,88,94,Test
"67+50
",67,50,117,Test
"83+83
",83,83,166,Test
" 1+46
",1,46,47,Test
"40+82
",40,82,122,Test
"63+51
",63,51,114,Test
"43+99
",43,99,142,Test
"80+29
",80,29,109,Test
"44+57
",44,57,101,Test
" 14+7
",14,7,21,Test
"83+77
",83,77,160,Test
"62+23
",62,23,85,Test
"81+80
",81,80,161,Test
"94+16
",94,16,110,Test
"98+53
",98,53,151,Test
"78+15
",78,15,93,Test
"23+66
",23,66,89,Test
"15+47
",15,47,62,Test
"37+95
",37,95,132,Test
"89+60
",89,60,149,Test
"55+94
",55,94,149,Test
"38+92
",38,92,130,Test
"84+52
",84,52,136,Test
" 8+64
",8,64,72,Test
"58+27
",58,27,85,Test
"17+72
",17,72,89,Test
"74+88
",74,88,162,Test
"28+25
",28,25,53,Test
"59+92
",59,92,151,Test
"91+92
",91,92,183,Test
"79+84
",79,84,163,Test
"49+96
",49,96,145,Test
"96+20
",96,20,116,Test
"71+80
",71,80,151,Test
"  1+0
",1,0,1,Test
"99+49
",99,49,148,Test
"74+94
",74,94,168,Test
"19+24
",19,24,43,Test
"34+39
",34,39,73,Test
"59+20
",59,20,79,Test
"80+39
",80,39,119,Test
"39+57
",39,57,96,Test
"25+93
",25,93,118,Test
"10+85
",10,85,95,Test
" 1+88
",1,88,89,Test
"74+33
",74,33,107,Test
"91+93
",91,93,184,Test
"99+34
",99,34,133,Test
" 4+39
",4,39,43,Test
"78+22
",78,22,100,Test
"36+12
",36,12,48,Test
"21+22
",21,22,43,Test
"19+74
",19,74,93,Test
" 8+22
",8,22,30,Test
"63+87
",63,87,150,Test
"89+51
",89,51,140,Test
"61+21
",61,21,82,Test
"24+97
",24,97,121,Test
"49+72
",49,72,121,Test
"93+63
",93,63,156,Test
"57+34
",57,34,91,Test
"93+11
",93,11,104,Test
"18+15
",18,15,33,Test
"66+12
",66,12,78,Test
" 44+8
",44,8,52,Test
" 58+0
",58,0,58,Test
"19+93
",19,93,112,Test
"50+40
",50,40,90,Test
"48+79
",48,79,127,Test
"85+45
",85,45,130,Test
"50+79
",50,79,129,Test
"72+26
",72,26,98,Test
"55+59
",55,59,114,Test
"83+45
",83,45,128,Test
"99+25
",99,25,124,Test
" 9+57
",9,57,66,Test
"13+47
",13,47,60,Test
"35+71
",35,71,106,Test
"32+80
",32,80,112,Test
"61+97
",61,97,158,Test
"  1+3
",1,3,4,Test
"79+67
",79,67,146,Test
"97+58
",97,58,155,Test
"23+68
",23,68,91,Test
"83+34
",83,34,117,Test
"97+59
",97,59,156,Test
"71+25
",71,25,96,Test
"60+40
",60,40,100,Test
"93+28
",93,28,121,Test
"63+30
",63,30,93,Test
"41+80
",41,80,121,Test
"61+67
",61,67,128,Test
"86+50
",86,50,136,Test
"36+66
",36,66,102,Test
" 1+20
",1,20,21,Test
"96+31
",96,31,127,Test
" 28+7
",28,7,35,Test
"17+66
",17,66,83,Test
"52+58
",52,58,110,Test
"47+61
",47,61,108,Test
"49+29
",49,29,78,Test
"53+28
",53,28,81,Test
"79+55
",79,55,134,Test
"57+67
",57,67,124,Test
"79+81
",79,81,160,Test
"40+76
",40,76,116,Test
"38+81
",38,81,119,Test
"55+11
",55,11,66,Test
"77+80
",77,80,157,Test
" 53+0
",53,0,53,Test
" 6+50
",6,50,56,Test
"66+63
",66,63,129,Test
" 2+54
",2,54,56,Test
"80+82
",80,82,162,Test
" 1+19
",1,19,20,Test
"63+25
",63,25,88,Test
"88+61
",88,61,149,Test
" 5+46
",5,46,51,Test
"38+39
",38,39,77,Test
" 8+77
",8,77,85,Test
"70+76
",70,76,146,Test
"68+73
",68,73,141,Test
"36+54
",36,54,90,Test
"40+57
",40,57,97,Test
" 91+5
",91,5,96,Test
"55+34
",55,34,89,Test
"81+65
",81,65,146,Test
"47+51
",47,51,98,Test
"99+89
",99,89,188,Test
"48+78
",48,78,126,Test
"15+60
",15,60,75,Test
"75+53
",75,53,128,Test
"84+54
",84,54,138,Test
"71+20
",71,20,91,Test
"96+65
",96,65,161,Test
"24+72
",24,72,96,Test
"57+76
",57,76,133,Test
"69+40
",69,40,109,Test
"31+33
",31,33,64,Test
"67+40
",67,40,107,Test
"27+31
",27,31,58,Test
" 76+9
",76,9,85,Test
"77+56
",77,56,133,Test
" 0+66
",0,66,66,Test
"71+72
",71,72,143,Test
"15+62
",15,62,77,Test
"76+74
",76,74,150,Test
"94+35
",94,35,129,Test
"16+95
",16,95,111,Test
"70+82
",70,82,152,Test
"28+61
",28,61,89,Test
" 1+27
",1,27,28,Test
"28+65
",28,65,93,Test
"60+26
",60,26,86,Test
"17+54
",17,54,71,Test
"32+25
",32,25,57,Test
"37+24
",37,24,61,Test
"23+40
",23,40,63,Test
"49+40
",49,40,89,Test
"31+69
",31,69,100,Test
"97+75
",97,75,172,Test
"19+12
",19,12,31,Test
" 70+1
",70,1,71,Test
"85+38
",85,38,123,Test
"18+33
",18,33,51,Test
"65+90
",65,90,155,Test
"45+50
",45,50,95,Test
"30+15
",30,15,45,Test
"27+68
",27,68,95,Test
"88+85
",88,85,173,Test
" 93+6
",93,6,99,Test
"63+53
",63,53,116,Test
"43+63
",43,63,106,Test
"85+20
",85,20,105,Test
"22+68
",22,68,90,Test
"50+39
",50,39,89,Test
"38+11
",38,11,49,Test
"99+12
",99,12,111,Test
"75+64
",75,64,139,Test
"35+98
",35,98,133,Test
" 82+1
",82,1,83,Test
" 93+4
",93,4,97,Test
"80+91
",80,91,171,Test
"27+56
",27,56,83,Test
"82+78
",82,78,160,Test
"30+45
",30,45,75,Test
" 97+5
",97,5,102,Test
"73+58
",73,58,131,Test
"15+65
",15,65,80,Test
"98+32
",98,32,130,Test
"93+46
",93,46,139,Test
"91+41
",91,41,132,Test
"55+65
",55,65,120,Test
"33+27
",33,27,60,Test
"75+68
",75,68,143,Test
"92+42
",92,42,134,Test
"74+54
",74,54,128,Test
"65+98
",65,98,163,Test
"27+37
",27,37,64,Test
"20+52
",20,52,72,Test
"91+95
",91,95,186,Test
"54+11
",54,11,65,Test
"31+89
",31,89,120,Test
"34+28
",34,28,62,Test
"98+55
",98,55,153,Test
"25+52
",25,52,77,Test
"57+70
",57,70,127,Test
"32+21
",32,21,53,Test
"73+11
",73,11,84,Test
"42+17
",42,17,59,Test
"86+87
",86,87,173,Test
"55+24
",55,24,79,Test
"  3+8
",3,8,11,Test
"19+92
",19,92,111,Test
" 4+20
",4,20,24,Test
"62+83
",62,83,145,Test
"40+92
",40,92,132,Test
"39+13
",39,13,52,Test
"70+98
",70,98,168,Test
"50+21
",50,21,71,Test
"15+99
",15,99,114,Test
" 80+8
",80,8,88,Test
"93+67
",93,67,160,Test
"67+62
",67,62,129,Test
"77+61
",77,61,138,Test
"61+11
",61,11,72,Test
" 77+3
",77,3,80,Test
"88+30
",88,30,118,Test
"31+97
",31,97,128,Test
" 62+0
",62,0,62,Test
"21+11
",21,11,32,Test
" 1+83
",1,83,84,Test
"87+48
",87,48,135,Test
"37+63
",37,63,100,Test
"39+58
",39,58,97,Test
" 7+56
",7,56,63,Test
"62+24
",62,24,86,Test
"97+78
",97,78,175,Test
"86+22
",86,22,108,Test
"87+84
",87,84,171,Test
" 5+23
",5,23,28,Test
"26+81
",26,81,107,Test
"32+20
",32,20,52,Test
"94+11
",94,11,105,Test
"96+63
",96,63,159,Test
"53+32
",53,32,85,Test
" 61+6
",61,6,67,Test
"29+53
",29,53,82,Test
"13+45
",13,45,58,Test
"83+42
",83,42,125,Test
"35+97
",35,97,132,Test
"28+69
",28,69,97,Test
"13+41
",13,41,54,Test
"25+67
",25,67,92,Test
"26+41
",26,41,67,Test
" 6+83
",6,83,89,Test
" 89+2
",89,2,91,Test
"96+94
",96,94,190,Test
"55+73
",55,73,128,Test
"36+34
",36,34,70,Test
"72+39
",72,39,111,Test
"58+24
",58,24,82,Test
"53+57
",53,57,110,Test
" 7+35
",7,35,42,Test
"51+79
",51,79,130,Test
" 7+39
",7,39,46,Test
"41+45
",41,45,86,Test
"70+31
",70,31,101,Test
"21+38
",21,38,59,Test
"11+14
",11,14,25,Test
"35+70
",35,70,105,Test
"10+38
",10,38,48,Test
" 88+2
",88,2,90,Test
" 3+21
",3,21,24,Test
"16+72
",16,72,88,Test
"12+98
",12,98,110,Test
"68+98
",68,98,166,Test
"93+16
",93,16,109,Test
"70+43
",70,43,113,Test
"69+29
",69,29,98,Test
"39+29
",39,29,68,Test
" 29+9
",29,9,38,Test
"33+34
",33,34,67,Test
" 16+5
",16,5,21,Test
"87+30
",87,30,117,Test
" 1+72
",1,72,73,Test
"26+74
",26,74,100,Test
"93+45
",93,45,138,Test
" 81+5
",81,5,86,Test
"87+54
",87,54,141,Test
" 9+96
",9,96,105,Test
"51+29
",51,29,80,Test
"75+59
",75,59,134,Test
"42+41
",42,41,83,Test
"45+47
",45,47,92,Test
" 68+2
",68,2,70,Test
" 8+16
",8,16,24,Test
"15+31
",15,31,46,Test
"51+60
",51,60,111,Test
"89+36
",89,36,125,Test
" 1+75
",1,75,76,Test
"69+45
",69,45,114,Test
" 95+9
",95,9,104,Test
"98+67
",98,67,165,Test
"30+65
",30,65,95,Test
" 0+98
",0,98,98,Test
"60+99
",60,99,159,Test
"61+61
",61,61,122,Test
"37+36
",37,36,73,Test
"91+21
",91,21,112,Test
"67+80
",67,80,147,Test
" 49+5
",49,5,54,Test
"99+98
",99,98,197,Test
"55+84
",55,84,139,Test
"54+40
",54,40,94,Test
"39+53
",39,53,92,Test
"35+32
",35,32,67,Test
"79+30
",79,30,109,Test
"35+10
",35,10,45,Test
"60+12
",60,12,72,Test
"14+93
",14,93,107,Test
"58+94
",58,94,152,Test
"61+75
",61,75,136,Test
"33+63
",33,63,96,Test
"38+75
",38,75,113,Test
" 1+35
",1,35,36,Test
" 4+87
",4,87,91,Test
" 9+65
",9,65,74,Test
"50+48
",50,48,98,Test
" 26+9
",26,9,35,Test
"79+33
",79,33,112,Test
"51+75
",51,75,126,Test
"81+38
",81,38,119,Test
"24+15
",24,15,39,Test
"73+91
",73,91,164,Test
"85+23
",85,23,108,Test
"52+49
",52,49,101,Test
"78+60
",78,60,138,Test
" 7+73
",7,73,80,Test
"80+85
",80,85,165,Test
"39+67
",39,67,106,Test
"45+24
",45,24,69,Test
" 8+99
",8,99,107,Test
"13+72
",13,72,85,Test
" 9+25
",9,25,34,Test
" 31+3
",31,3,34,Test
"18+87
",18,87,105,Test
"96+40
",96,40,136,Test
"85+67
",85,67,152,Test
" 9+30
",9,30,39,Test
" 39+3
",39,3,42,Test
"24+87
",24,87,111,Test
"15+44
",15,44,59,Test
"21+33
",21,33,54,Test
"63+98
",63,98,161,Test
"99+99
",99,99,198,Test
"84+36
",84,36,120,Test
" 68+9
",68,9,77,Test
"88+78
",88,78,166,Test
"18+65
",18,65,83,Test
"82+89
",82,89,171,Test
"73+57
",73,57,130,Test
"64+34
",64,34,98,Test
" 4+98
",4,98,102,Test
"54+91
",54,91,145,Test
"27+18
",27,18,45,Test
"11+92
",11,92,103,Test
"54+94
",54,94,148,Test
" 49+8
",49,8,57,Test
"96+13
",96,13,109,Test
"31+71
",31,71,102,Test
"76+20
",76,20,96,Test
"58+40
",58,40,98,Test
"92+99
",92,99,191,Test
"89+41
",89,41,130,Test
"63+13
",63,13,76,Test
"38+83
",38,83,121,Test
" 6+73
",6,73,79,Test
"99+97
",99,97,196,Test
"56+48
",56,48,104,Test
"14+55
",14,55,69,Test
"95+64
",95,64,159,Test
"53+25
",53,25,78,Test
" 1+61
",1,61,62,Test
"47+11
",47,11,58,Test
"80+27
",80,27,107,Test
"  6+1
",6,1,7,Test
"84+51
",84,51,135,Test
"48+57
",48,57,105,Test
"75+37
",75,37,112,Test
"18+34
",18,34,52,Test
"62+77
",62,77,139,Test
" 14+9
",14,9,23,Test
" 77+4
",77,4,81,Test
"37+92
",37,92,129,Test
"23+75
",23,75,98,Test
"68+39
",68,39,107,Test
" 44+9
",44,9,53,Test
"92+24
",92,24,116,Test
" 6+67
",6,67,73,Test
"14+86
",14,86,100,Test
"83+56
",83,56,139,Test
"16+82
",16,82,98,Test
" 9+21
",9,21,30,Test
"44+95
",44,95,139,Test
"43+40
",43,40,83,Test
"86+83
",86,83,169,Test
"97+72
",97,72,169,Test
"40+34
",40,34,74,Test
"78+23
",78,23,101,Test
" 68+8
",68,8,76,Test
"92+77
",92,77,169,Test
"79+22
",79,22,101,Test
"79+24
",79,24,103,Test
"98+59
",98,59,157,Test
"56+20
",56,20,76,Test
"40+70
",40,70,110,Test
"66+22
",66,22,88,Test
"61+93
",61,93,154,Test
"57+68
",57,68,125,Test
" 5+64
",5,64,69,Test
"61+45
",61,45,106,Test
" 0+61
",0,61,61,Test
"43+36
",43,36,79,Test
"49+89
",49,89,138,Test
" 5+43
",5,43,48,Test
"27+12
",27,12,39,Test
" 78+5
",78,5,83,Test
"72+80
",72,80,152,Test
"51+34
",51,34,85,Test
"76+80
",76,80,156,Test
"63+54
",63,54,117,Test
"81+78
",81,78,159,Test
" 1+47
",1,47,48,Test
"67+57
",67,57,124,Test
"94+76
",94,76,170,Test
"44+77
",44,77,121,Test
"19+80
",19,80,99,Test
"61+57
",61,57,118,Test
"74+59
",74,59,133,Test
" 3+53
",3,53,56,Test
"25+88
",25,88,113,Test
"43+26
",43,26,69,Test
"52+34
",52,34,86,Test
"33+76
",33,76,109,Test
"59+15
",59,15,74,Test
"57+79
",57,79,136,Test
"14+70
",14,70,84,Test
"30+16
",30,16,46,Test
"11+25
",11,25,36,Test
"58+54
",58,54,112,Test
"51+41
",51,41,92,Test
"34+77
",34,77,111,Test
"57+56
",57,56,113,Test
"46+83
",46,83,129,Test
"41+13
",41,13,54,Test
"50+59
",50,59,109,Test
"38+96
",38,96,134,Test
"25+74
",25,74,99,Test
" 92+5
",92,5,97,Test
"37+78
",37,78,115,Test
"17+32
",17,32,49,Test
"80+36
",80,36,116,Test
" 2+14
",2,14,16,Test
"52+39
",52,39,91,Test
"89+18
",89,18,107,Test
" 97+8
",97,8,105,Test
"62+71
",62,71,133,Test
"58+56
",58,56,114,Test
"46+38
",46,38,84,Test
"32+73
",32,73,105,Test
"12+79
",12,79,91,Test
"69+42
",69,42,111,Test
"44+27
",44,27,71,Test
"57+43
",57,43,100,Test
"64+21
",64,21,85,Test
"82+18
",82,18,100,Test
"86+59
",86,59,145,Test
"23+79
",23,79,102,Test
" 3+49
",3,49,52,Test
"24+23
",24,23,47,Test
"81+53
",81,53,134,Test
"21+12
",21,12,33,Test
"85+68
",85,68,153,Test
"17+24
",17,24,41,Test
"82+34
",82,34,116,Test
"25+77
",25,77,102,Test
" 3+13
",3,13,16,Test
"82+73
",82,73,155,Test
" 7+91
",7,91,98,Test
"35+29
",35,29,64,Test
"90+55
",90,55,145,Test
" 5+89
",5,89,94,Test
"86+36
",86,36,122,Test
"50+31
",50,31,81,Test
"58+99
",58,99,157,Test
"95+49
",95,49,144,Test
"29+52
",29,52,81,Test
"71+28
",71,28,99,Test
"53+48
",53,48,101,Test
"92+36
",92,36,128,Test
"59+40
",59,40,99,Test
" 83+0
",83,0,83,Test
"38+16
",38,16,54,Test
"44+52
",44,52,96,Test
"52+35
",52,35,87,Test
"32+52
",32,52,84,Test
"52+28
",52,28,80,Test
" 18+8
",18,8,26,Test
"50+54
",50,54,104,Test
"86+46
",86,46,132,Test
"26+76
",26,76,102,Test
"64+48
",64,48,112,Test
" 5+34
",5,34,39,Test
"82+94
",82,94,176,Test
"21+50
",21,50,71,Test
"91+27
",91,27,118,Test
"82+95
",82,95,177,Test
"68+49
",68,49,117,Test
"84+24
",84,24,108,Test
"19+38
",19,38,57,Test
"14+72
",14,72,86,Test
"26+55
",26,55,81,Test
"51+81
",51,81,132,Test
" 22+1
",22,1,23,Test
" 3+57
",3,57,60,Test
" 8+38
",8,38,46,Test
"12+38
",12,38,50,Test
"84+85
",84,85,169,Test
"73+43
",73,43,116,Test
"63+89
",63,89,152,Test
"51+66
",51,66,117,Test
"29+59
",29,59,88,Test
"27+48
",27,48,75,Test
"79+83
",79,83,162,Test
"36+19
",36,19,55,Test
"53+11
",53,11,64,Test
"39+21
",39,21,60,Test
"59+48
",59,48,107,Test
"99+83
",99,83,182,Test
"35+43
",35,43,78,Test
"84+27
",84,27,111,Test
"86+58
",86,58,144,Test
"11+10
",11,10,21,Test
"73+71
",73,71,144,Test
"40+29
",40,29,69,Test
"35+81
",35,81,116,Test
"96+64
",96,64,160,Test
"24+45
",24,45,69,Test
" 72+3
",72,3,75,Test
" 9+14
",9,14,23,Test
"72+84
",72,84,156,Test
"79+68
",79,68,147,Test
"54+15
",54,15,69,Test
"59+29
",59,29,88,Test
" 32+5
",32,5,37,Test
"39+93
",39,93,132,Test
"88+13
",88,13,101,Test
"82+10
",82,10,92,Test
"62+76
",62,76,138,Test
"59+46
",59,46,105,Test
"16+56
",16,56,72,Test
" 23+9
",23,9,32,Test
"80+17
",80,17,97,Test
"80+47
",80,47,127,Test
"95+24
",95,24,119,Test
"17+67
",17,67,84,Test
"41+31
",41,31,72,Test
"89+42
",89,42,131,Test
"53+55
",53,55,108,Test
"62+95
",62,95,157,Test
"18+48
",18,48,66,Test
" 7+15
",7,15,22,Test
"83+18
",83,18,101,Test
"11+60
",11,60,71,Test
"36+84
",36,84,120,Test
"69+80
",69,80,149,Test
"31+18
",31,18,49,Test
" 1+18
",1,18,19,Test
"41+18
",41,18,59,Test
"43+29
",43,29,72,Test
"64+13
",64,13,77,Test
"33+41
",33,41,74,Test
" 4+67
",4,67,71,Test
" 32+8
",32,8,40,Test
"16+35
",16,35,51,Test
"47+62
",47,62,109,Test
"26+71
",26,71,97,Test
"23+36
",23,36,59,Test
"72+11
",72,11,83,Test
"93+91
",93,91,184,Test
"48+74
",48,74,122,Test
"72+58
",72,58,130,Test
"98+88
",98,88,186,Test
"69+20
",69,20,89,Test
" 9+97
",9,97,106,Test
"86+78
",86,78,164,Test
"24+81
",24,81,105,Test
"84+65
",84,65,149,Test
" 16+2
",16,2,18,Test
"52+85
",52,85,137,Test
"65+64
",65,64,129,Test
" 0+64
",0,64,64,Test
"20+24
",20,24,44,Test
" 34+5
",34,5,39,Test
"55+89
",55,89,144,Test
"96+95
",96,95,191,Test
"87+87
",87,87,174,Test
"27+58
",27,58,85,Test
"40+37
",40,37,77,Test
"74+16
",74,16,90,Test
" 38+0
",38,0,38,Test
"85+36
",85,36,121,Test
"16+89
",16,89,105,Test
"15+53
",15,53,68,Test
"50+44
",50,44,94,Test
"56+63
",56,63,119,Test
" 46+4
",46,4,50,Test
"80+42
",80,42,122,Test
"45+65
",45,65,110,Test
"38+84
",38,84,122,Test
" 45+5
",45,5,50,Test
"61+65
",61,65,126,Test
"46+16
",46,16,62,Test
"70+85
",70,85,155,Test
"16+60
",16,60,76,Test
"21+89
",21,89,110,Test
"30+18
",30,18,48,Test
"22+39
",22,39,61,Test
"44+58
",44,58,102,Test
" 3+50
",3,50,53,Test
"11+15
",11,15,26,Test
"82+68
",82,68,150,Test
"62+97
",62,97,159,Test
"19+86
",19,86,105,Test
" 4+24
",4,24,28,Test
"17+86
",17,86,103,Test
"68+76
",68,76,144,Test
"10+13
",10,13,23,Test
"78+93
",78,93,171,Test
" 2+46
",2,46,48,Test
"39+32
",39,32,71,Test
"34+58
",34,58,92,Test
"68+46
",68,46,114,Test
"30+85
",30,85,115,Test
"50+70
",50,70,120,Test
"63+50
",63,50,113,Test
"88+43
",88,43,131,Test
"20+82
",20,82,102,Test
"31+56
",31,56,87,Test
"24+47
",24,47,71,Test
" 0+12
",0,12,12,Test
" 10+0
",10,0,10,Test
"80+65
",80,65,145,Test
"  9+1
",9,1,10,Test
"56+16
",56,16,72,Test
"47+95
",47,95,142,Test
"57+75
",57,75,132,Test
"62+98
",62,98,160,Test
"30+57
",30,57,87,Test
"16+24
",16,24,40,Test
"69+68
",69,68,137,Test
"96+29
",96,29,125,Test
"65+62
",65,62,127,Test
"62+28
",62,28,90,Test
" 61+9
",61,9,70,Test
"71+96
",71,96,167,Test
"66+92
",66,92,158,Test
"52+47
",52,47,99,Test
"68+58
",68,58,126,Test
"73+82
",73,82,155,Test
" 22+3
",22,3,25,Test
"91+25
",91,25,116,Test
"54+35
",54,35,89,Test
"54+43
",54,43,97,Test
"11+38
",11,38,49,Test
"96+93
",96,93,189,Test
" 4+89
",4,89,93,Test
"83+13
",83,13,96,Test
"59+27
",59,27,86,Test
"32+70
",32,70,102,Test
"23+62
",23,62,85,Test
"77+57
",77,57,134,Test
"16+44
",16,44,60,Test
"45+26
",45,26,71,Test
"62+55
",62,55,117,Test
"38+17
",38,17,55,Test
"20+33
",20,33,53,Test
" 86+7
",86,7,93,Test
" 9+50
",9,50,59,Test
"28+36
",28,36,64,Test
"42+70
",42,70,112,Test
"78+70
",78,70,148,Test
" 87+5
",87,5,92,Test
"58+96
",58,96,154,Test
"87+91
",87,91,178,Test
"61+83
",61,83,144,Test
" 22+8
",22,8,30,Test
"  6+8
",6,8,14,Test
"69+35
",69,35,104,Test
"11+31
",11,31,42,Test
"23+33
",23,33,56,Test
" 5+36
",5,36,41,Test
"81+92
",81,92,173,Test
"61+62
",61,62,123,Test
" 5+65
",5,65,70,Test
"41+85
",41,85,126,Test
"63+19
",63,19,82,Test
" 8+14
",8,14,22,Test
"92+25
",92,25,117,Test
"47+21
",47,21,68,Test
"21+79
",21,79,100,Test
"16+36
",16,36,52,Test
" 3+38
",3,38,41,Test
"66+96
",66,96,162,Test
" 58+8
",58,8,66,Test
"86+55
",86,55,141,Test
"33+79
",33,79,112,Test
"26+44
",26,44,70,Test
"73+22
",73,22,95,Test
"83+70
",83,70,153,Test
"70+21
",70,21,91,Test
"70+75
",70,75,145,Test
"17+47
",17,47,64,Test
" 9+41
",9,41,50,Test
" 57+9
",57,9,66,Test
"90+91
",90,91,181,Test
"16+92
",16,92,108,Test
"43+72
",43,72,115,Test
"16+33
",16,33,49,Test
"86+51
",86,51,137,Test
" 3+68
",3,68,71,Test
" 0+59
",0,59,59,Test
" 44+4
",44,4,48,Test
"83+32
",83,32,115,Test
"45+64
",45,64,109,Test
"19+57
",19,57,76,Test
" 1+39
",1,39,40,Test
" 27+6
",27,6,33,Test
"50+98
",50,98,148,Test
"49+83
",49,83,132,Test
"60+96
",60,96,156,Test
" 67+5
",67,5,72,Test
" 0+60
",0,60,60,Test
"40+26
",40,26,66,Test
"71+70
",71,70,141,Test
"85+76
",85,76,161,Test
"62+36
",62,36,98,Test
" 0+31
",0,31,31,Test
"81+11
",81,11,92,Test
"24+39
",24,39,63,Test
"97+26
",97,26,123,Test
"76+45
",76,45,121,Test
"74+31
",74,31,105,Test
"77+40
",77,40,117,Test
"61+49
",61,49,110,Test
"70+68
",70,68,138,Test
"26+59
",26,59,85,Test
"40+33
",40,33,73,Test
" 2+95
",2,95,97,Test
"82+39
",82,39,121,Test
"80+46
",80,46,126,Test
" 9+70
",9,70,79,Test
" 65+2
",65,2,67,Test
"39+44
",39,44,83,Test
"75+99
",75,99,174,Test
"23+41
",23,41,64,Test
"77+59
",77,59,136,Test
"51+38
",51,38,89,Test
"37+42
",37,42,79,Test
"32+33
",32,33,65,Test
"36+11
",36,11,47,Test
"20+98
",20,98,118,Test
"88+25
",88,25,113,Test
"63+23
",63,23,86,Test
" 5+90
",5,90,95,Test
" 79+2
",79,2,81,Test
"65+37
",65,37,102,Test
" 13+5
",13,5,18,Test
"91+97
",91,97,188,Test
"  0+9
",0,9,9,Test
" 60+7
",60,7,67,Test
"54+17
",54,17,71,Test
"94+59
",94,59,153,Test
"66+25
",66,25,91,Test
"78+53
",78,53,131,Test
" 62+5
",62,5,67,Test
" 5+56
",5,56,61,Test
"62+78
",62,78,140,Test
" 7+29
",7,29,36,Test
"16+42
",16,42,58,Test
"87+56
",87,56,143,Test
"43+83
",43,83,126,Test
"49+92
",49,92,141,Test
"65+36
",65,36,101,Test
"31+85
",31,85,116,Test
"71+86
",71,86,157,Test
"60+31
",60,31,91,Test
"86+14
",86,14,100,Test
"75+90
",75,90,165,Test
"20+18
",20,18,38,Test
" 2+93
",2,93,95,Test
"76+61
",76,61,137,Test
" 75+4
",75,4,79,Test
" 11+9
",11,9,20,Test
" 21+7
",21,7,28,Test
"36+55
",36,55,91,Test
"56+47
",56,47,103,Test
"99+91
",99,91,190,Test
"15+72
",15,72,87,Test
"47+45
",47,45,92,Test
"29+57
",29,57,86,Test
"42+18
",42,18,60,Test
"86+69
",86,69,155,Test
" 74+1
",74,1,75,Test
"58+39
",58,39,97,Test
" 13+6
",13,6,19,Test
"50+18
",50,18,68,Test
" 5+58
",5,58,63,Test
"38+44
",38,44,82,Test
"28+55
",28,55,83,Test
"71+95
",71,95,166,Test
"10+81
",10,81,91,Test
"29+63
",29,63,92,Test
" 4+85
",4,85,89,Test
"31+46
",31,46,77,Test
"  0+2
",0,2,2,Test
"82+90
",82,90,172,Test
"44+79
",44,79,123,Test
"16+43
",16,43,59,Test
"58+91
",58,91,149,Test
"74+75
",74,75,149,Test
"23+13
",23,13,36,Test
" 6+72
",6,72,78,Test
"39+52
",39,52,91,Test
"36+78
",36,78,114,Test
"51+19
",51,19,70,Test
"96+66
",96,66,162,Test
"64+38
",64,38,102,Test
"80+60
",80,60,140,Test
" 8+27
",8,27,35,Test
"81+24
",81,24,105,Test
"42+27
",42,27,69,Test
"58+47
",58,47,105,Test
" 51+0
",51,0,51,Test
"75+66
",75,66,141,Test
"36+48
",36,48,84,Test
"45+54
",45,54,99,Test
"59+37
",59,37,96,Test
"40+41
",40,41,81,Test
"65+16
",65,16,81,Test
"18+90
",18,90,108,Test
"33+82
",33,82,115,Test
"97+83
",97,83,180,Test
"78+66
",78,66,144,Test
"74+76
",74,76,150,Test
" 27+9
",27,9,36,Test
"22+65
",22,65,87,Test
"98+74
",98,74,172,Test
"39+27
",39,27,66,Test
" 36+2
",36,2,38,Test
"52+54
",52,54,106,Test
" 24+8
",24,8,32,Test
"15+95
",15,95,110,Test
"64+66
",64,66,130,Test
"66+29
",66,29,95,Test
" 79+6
",79,6,85,Test
"29+55
",29,55,84,Test
" 28+4
",28,4,32,Test
"38+31
",38,31,69,Test
"62+94
",62,94,156,Test
"57+22
",57,22,79,Test
"60+70
",60,70,130,Test
"19+54
",19,54,73,Test
"75+98
",75,98,173,Test
" 6+26
",6,26,32,Test
"39+19
",39,19,58,Test
"85+75
",85,75,160,Test
"84+59
",84,59,143,Test
"64+58
",64,58,122,Test
"  4+4
",4,4,8,Test
"73+10
",73,10,83,Test
" 8+68
",8,68,76,Test
"21+77
",21,77,98,Test
"61+30
",61,30,91,Test
"53+33
",53,33,86,Test
"29+72
",29,72,101,Test
"20+41
",20,41,61,Test
"89+59
",89,59,148,Test
" 4+12
",4,12,16,Test
" 3+41
",3,41,44,Test
"91+29
",91,29,120,Test
"47+16
",47,16,63,Test
"46+15
",46,15,61,Test
" 51+4
",51,4,55,Test
"98+22
",98,22,120,Test
"43+47
",43,47,90,Test
"77+58
",77,58,135,Test
"31+35
",31,35,66,Test
"47+88
",47,88,135,Test
"55+90
",55,90,145,Test
"17+94
",17,94,111,Test
" 32+6
",32,6,38,Test
"90+71
",90,71,161,Test
"46+70
",46,70,116,Test
"72+16
",72,16,88,Test
" 45+8
",45,8,53,Test
"54+65
",54,65,119,Test
"51+55
",51,55,106,Test
"69+49
",69,49,118,Test
"55+40
",55,40,95,Test
"17+40
",17,40,57,Test
"82+26
",82,26,108,Test
"62+34
",62,34,96,Test
"11+43
",11,43,54,Test
"15+23
",15,23,38,Test
"54+98
",54,98,152,Test
"79+99
",79,99,178,Test
"42+69
",42,69,111,Test
"48+71
",48,71,119,Test
" 0+82
",0,82,82,Test
" 6+13
",6,13,19,Test
"99+47
",99,47,146,Test
"32+82
",32,82,114,Test
"19+49
",19,49,68,Test
"42+38
",42,38,80,Test
"46+39
",46,39,85,Test
" 3+67
",3,67,70,Test
"50+99
",50,99,149,Test
"75+95
",75,95,170,Test
"57+45
",57,45,102,Test
"16+47
",16,47,63,Test
"51+61
",51,61,112,Test
"39+99
",39,99,138,Test
"75+19
",75,19,94,Test
"75+87
",75,87,162,Test
"74+47
",74,47,121,Test
"50+35
",50,35,85,Test
" 74+8
",74,8,82,Test
"94+41
",94,41,135,Test
" 5+54
",5,54,59,Test
"75+10
",75,10,85,Test
" 34+6
",34,6,40,Test
"32+77
",32,77,109,Test
"60+56
",60,56,116,Test
" 3+80
",3,80,83,Test
"82+58
",82,58,140,Test
" 47+7
",47,7,54,Test
" 65+1
",65,1,66,Test
"42+86
",42,86,128,Test
"43+25
",43,25,68,Test
"  3+7
",3,7,10,Test
"97+65
",97,65,162,Test
"53+79
",53,79,132,Test
"88+36
",88,36,124,Test
"25+95
",25,95,120,Test
"98+25
",98,25,123,Test
"41+30
",41,30,71,Test
"37+32
",37,32,69,Test
"94+64
",94,64,158,Test
" 18+7
",18,7,25,Test
" 1+13
",1,13,14,Test
"79+50
",79,50,129,Test
" 75+3
",75,3,78,Test
" 6+52
",6,52,58,Test
"97+94
",97,94,191,Test
"80+61
",80,61,141,Test
"13+43
",13,43,56,Test
"44+67
",44,67,111,Test
"87+76
",87,76,163,Test
" 27+5
",27,5,32,Test
"36+21
",36,21,57,Test
"49+55
",49,55,104,Test
" 10+1
",10,1,11,Test
" 68+4
",68,4,72,Test
"37+37
",37,37,74,Test
"15+24
",15,24,39,Test
" 16+6
",16,6,22,Test
" 42+4
",42,4,46,Test
"79+63
",79,63,142,Test
" 31+2
",31,2,33,Test
" 36+7
",36,7,43,Test
" 4+54
",4,54,58,Test
"76+32
",76,32,108,Test
"20+25
",20,25,45,Test
"47+92
",47,92,139,Test
" 55+4
",55,4,59,Test
"28+78
",28,78,106,Test
"10+39
",10,39,49,Test
"96+76
",96,76,172,Test
"76+14
",76,14,90,Test
"77+45
",77,45,122,Test
"79+35
",79,35,114,Test
"60+53
",60,53,113,Test
"12+18
",12,18,30,Test
"  3+3
",3,3,6,Test
"40+24
",40,24,64,Test
"64+86
",64,86,150,Test
" 66+7
",66,7,73,Test
"11+93
",11,93,104,Test
"30+14
",30,14,44,Test
"37+93
",37,93,130,Test
"13+84
",13,84,97,Test
"76+62
",76,62,138,Test
"97+41
",97,41,138,Test
"23+86
",23,86,109,Test
"28+34
",28,34,62,Test
" 1+33
",1,33,34,Test
"17+49
",17,49,66,Test
"93+69
",93,69,162,Test
"12+49
",12,49,61,Test
" 2+15
",2,15,17,Test
"78+90
",78,90,168,Test
" 64+9
",64,9,73,Test
"47+72
",47,72,119,Test
" 32+7
",32,7,39,Test
" 63+1
",63,1,64,Test
"20+40
",20,40,60,Test
"57+58
",57,58,115,Test
"99+84
",99,84,183,Test
"23+85
",23,85,108,Test
"65+33
",65,33,98,Test
"97+53
",97,53,150,Test
"86+47
",86,47,133,Test
"20+85
",20,85,105,Test
"74+64
",74,64,138,Test
" 4+99
",4,99,103,Test
"52+75
",52,75,127,Test
"45+23
",45,23,68,Test
"10+48
",10,48,58,Test
"28+28
",28,28,56,Test
"34+50
",34,50,84,Test
"61+60
",61,60,121,Test
" 4+81
",4,81,85,Test
"41+64
",41,64,105,Test
"48+96
",48,96,144,Test
"49+64
",49,64,113,Test
"  7+9
",7,9,16,Test
"49+12
",49,12,61,Test
"77+62
",77,62,139,Test
"53+45
",53,45,98,Test
" 75+0
",75,0,75,Test
"78+57
",78,57,135,Test
"28+41
",28,41,69,Test
"65+22
",65,22,87,Test
"41+61
",41,61,102,Test
"19+95
",19,95,114,Test
"30+12
",30,12,42,Test
" 7+20
",7,20,27,Test
"41+63
",41,63,104,Test
"17+91
",17,91,108,Test
" 30+2
",30,2,32,Test
"24+89
",24,89,113,Test
"97+74
",97,74,171,Test
" 1+94
",1,94,95,Test
" 97+2
",97,2,99,Test
"46+27
",46,27,73,Test
"34+78
",34,78,112,Test
"75+18
",75,18,93,Test
"60+33
",60,33,93,Test
"18+36
",18,36,54,Test
"61+13
",61,13,74,Test
" 61+3
",61,3,64,Test
"38+70
",38,70,108,Test
"89+55
",89,55,144,Test
"81+62
",81,62,143,Test
"26+83
",26,83,109,Test
"32+38
",32,38,70,Test
"67+52
",67,52,119,Test
"24+34
",24,34,58,Test
"37+31
",37,31,68,Test
"45+33
",45,33,78,Test
"94+63
",94,63,157,Test
"66+98
",66,98,164,Test
"31+26
",31,26,57,Test
"74+52
",74,52,126,Test
"75+12
",75,12,87,Test
"54+24
",54,24,78,Test
"46+21
",46,21,67,Test
"88+90
",88,90,178,Test
"36+79
",36,79,115,Test
"76+68
",76,68,144,Test
"12+35
",12,35,47,Test
" 21+3
",21,3,24,Test
"73+70
",73,70,143,Test
"84+99
",84,99,183,Test
"97+29
",97,29,126,Test
"28+24
",28,24,52,Test
"10+99
",10,99,109,Test
"42+56
",42,56,98,Test
"28+11
",28,11,39,Test
"43+55
",43,55,98,Test
"66+24
",66,24,90,Test
"80+54
",80,54,134,Test
"43+98
",43,98,141,Test
"53+39
",53,39,92,Test
" 3+34
",3,34,37,Test
"56+23
",56,23,79,Test
"37+53
",37,53,90,Test
"49+78
",49,78,127,Test
"86+90
",86,90,176,Test
" 14+6
",14,6,20,Test
"99+19
",99,19,118,Test
"55+31
",55,31,86,Test
"34+93
",34,93,127,Test
"56+46
",56,46,102,Test
"36+90
",36,90,126,Test
"84+89
",84,89,173,Test
"45+67
",45,67,112,Test
"32+57
",32,57,89,Test
"48+17
",48,17,65,Test
" 12+7
",12,7,19,Test
" 6+69
",6,69,75,Test
"57+42
",57,42,99,Test
" 57+4
",57,4,61,Test
" 99+4
",99,4,103,Test
"80+34
",80,34,114,Test
" 8+86
",8,86,94,Test
"11+55
",11,55,66,Test
"84+39
",84,39,123,Test
"44+56
",44,56,100,Test
"72+63
",72,63,135,Test
"42+82
",42,82,124,Test
"83+75
",83,75,158,Test
"77+97
",77,97,174,Test
"42+54
",42,54,96,Test
"13+28
",13,28,41,Test
"51+35
",51,35,86,Test
"43+56
",43,56,99,Test
"28+49
",28,49,77,Test
"62+51
",62,51,113,Test
"40+81
",40,81,121,Test
"39+14
",39,14,53,Test
"81+58
",81,58,139,Test
"64+74
",64,74,138,Test
"61+28
",61,28,89,Test
"79+13
",79,13,92,Test
"51+91
",51,91,142,Test
"62+29
",62,29,91,Test
"77+30
",77,30,107,Test
"63+32
",63,32,95,Test
" 9+62
",9,62,71,Test
"27+26
",27,26,53,Test
"59+69
",59,69,128,Test
"14+78
",14,78,92,Test
" 41+2
",41,2,43,Test
"46+75
",46,75,121,Test
"38+71
",38,71,109,Test
" 94+4
",94,4,98,Test
"43+57
",43,57,100,Test
"56+73
",56,73,129,Test
"83+38
",83,38,121,Test
"12+71
",12,71,83,Test
" 4+59
",4,59,63,Test
" 94+0
",94,0,94,Test
"54+99
",54,99,153,Test
"92+47
",92,47,139,Test
"43+48
",43,48,91,Test
"66+50
",66,50,116,Test
"39+61
",39,61,100,Test
"89+99
",89,99,188,Test
"89+32
",89,32,121,Test
"77+17
",77,17,94,Test
"25+32
",25,32,57,Test
"81+34
",81,34,115,Test
"13+24
",13,24,37,Test
"  1+2
",1,2,3,Test
"62+20
",62,20,82,Test
"91+47
",91,47,138,Test
"11+73
",11,73,84,Test
" 77+9
",77,9,86,Test
"39+63
",39,63,102,Test
"10+57
",10,57,67,Test
"46+13
",46,13,59,Test
"55+66
",55,66,121,Test
"54+18
",54,18,72,Test
"25+96
",25,96,121,Test
"80+92
",80,92,172,Test
"96+82
",96,82,178,Test
"58+22
",58,22,80,Test
" 2+60
",2,60,62,Test
"73+69
",73,69,142,Test
"56+24
",56,24,80,Test
" 42+3
",42,3,45,Test
" 0+38
",0,38,38,Test
"27+41
",27,41,68,Test
"88+52
",88,52,140,Test
" 47+0
",47,0,47,Test
"70+17
",70,17,87,Test
"21+76
",21,76,97,Test
"47+34
",47,34,81,Test
"73+85
",73,85,158,Test
" 1+44
",1,44,45,Test
"24+75
",24,75,99,Test
"21+21
",21,21,42,Test
"90+13
",90,13,103,Test
"36+80
",36,80,116,Test
"29+99
",29,99,128,Test
"84+21
",84,21,105,Test
"62+73
",62,73,135,Test
"89+28
",89,28,117,Test
"61+63
",61,63,124,Test
"59+94
",59,94,153,Test
"87+27
",87,27,114,Test
"54+49
",54,49,103,Test
"52+24
",52,24,76,Test
"13+15
",13,15,28,Test
"  3+0
",3,0,3,Test
"68+64
",68,64,132,Test
"81+74
",81,74,155,Test
" 72+6
",72,6,78,Test
"37+64
",37,64,101,Test
"45+72
",45,72,117,Test
"68+17
",68,17,85,Test
"69+21
",69,21,90,Test
"46+36
",46,36,82,Test
"16+31
",16,31,47,Test
"64+28
",64,28,92,Test
"93+51
",93,51,144,Test
"68+26
",68,26,94,Test
"74+24
",74,24,98,Test
"34+75
",34,75,109,Test
"89+62
",89,62,151,Test
"11+56
",11,56,67,Test
" 9+68
",9,68,77,Test
" 54+9
",54,9,63,Test
" 67+9
",67,9,76,Test
"40+25
",40,25,65,Test
"36+91
",36,91,127,Test
"12+91
",12,91,103,Test
"60+19
",60,19,79,Test
"26+97
",26,97,123,Test
"27+77
",27,77,104,Test
" 87+9
",87,9,96,Test
"  0+3
",0,3,3,Test
" 47+4
",47,4,51,Test
" 3+61
",3,61,64,Test
"46+85
",46,85,131,Test
"64+43
",64,43,107,Test
" 6+58
",6,58,64,Test
"76+36
",76,36,112,Test
" 5+91
",5,91,96,Test
"29+10
",29,10,39,Test
"91+82
",91,82,173,Test
" 55+9
",55,9,64,Test
"79+36
",79,36,115,Test
"24+27
",24,27,51,Test
" 7+59
",7,59,66,Test
"13+16
",13,16,29,Test
"37+57
",37,57,94,Test
" 4+37
",4,37,41,Test
"89+66
",89,66,155,Test
" 8+32
",8,32,40,Test
"47+53
",47,53,100,Test
"63+26
",63,26,89,Test
"76+63
",76,63,139,Test
"50+20
",50,20,70,Test
"32+19
",32,19,51,Test
"91+98
",91,98,189,Test
"30+36
",30,36,66,Test
"19+83
",19,83,102,Test
"61+52
",61,52,113,Test
"75+58
",75,58,133,Test
"87+41
",87,41,128,Test
"24+36
",24,36,60,Test
"79+94
",79,94,173,Test
"87+75
",87,75,162,Test
"56+14
",56,14,70,Test
"72+23
",72,23,95,Test
"69+28
",69,28,97,Test
" 33+0
",33,0,33,Test
" 38+9
",38,9,47,Test
" 61+1
",61,1,62,Test
"52+88
",52,88,140,Test
"85+19
",85,19,104,Test
" 84+6
",84,6,90,Test
"65+27
",65,27,92,Test
"68+69
",68,69,137,Test
"36+73
",36,73,109,Test
"14+22
",14,22,36,Test
"90+99
",90,99,189,Test
"47+24
",47,24,71,Test
"87+93
",87,93,180,Test
" 24+6
",24,6,30,Test
" 2+34
",2,34,36,Test
"93+38
",93,38,131,Test
"64+95
",64,95,159,Test
"55+88
",55,88,143,Test
"30+30
",30,30,60,Test
"10+59
",10,59,69,Test
"94+21
",94,21,115,Test
"14+75
",14,75,89,Test
"92+27
",92,27,119,Test
"45+12
",45,12,57,Test
"13+46
",13,46,59,Test
"30+82
",30,82,112,Test
"11+66
",11,66,77,Test
"38+94
",38,94,132,Test
"79+51
",79,51,130,Test
"11+57
",11,57,68,Test
"17+85
",17,85,102,Test
"47+58
",47,58,105,Test
"18+83
",18,83,101,Test
" 95+3
",95,3,98,Test
"17+97
",17,97,114,Test
"38+27
",38,27,65,Test
"19+53
",19,53,72,Test
"76+60
",76,60,136,Test
"25+55
",25,55,80,Test
"35+69
",35,69,104,Test
"99+24
",99,24,123,Test
"43+17
",43,17,60,Test
"80+71
",80,71,151,Test
" 1+95
",1,95,96,Test
"19+79
",19,79,98,Test
"78+48
",78,48,126,Test
"38+80
",38,80,118,Test
"70+62
",70,62,132,Test
"49+17
",49,17,66,Test
"22+90
",22,90,112,Test
" 3+91
",3,91,94,Test
"88+99
",88,99,187,Test
"52+62
",52,62,114,Test
"63+60
",63,60,123,Test
" 47+8
",47,8,55,Test
"20+71
",20,71,91,Test
"28+12
",28,12,40,Test
"95+75
",95,75,170,Test
"85+77
",85,77,162,Test
"74+73
",74,73,147,Test
"48+86
",48,86,134,Test
"81+21
",81,21,102,Test
"59+97
",59,97,156,Test
"41+67
",41,67,108,Test
"89+79
",89,79,168,Test
"76+34
",76,34,110,Test
"75+89
",75,89,164,Test
"21+68
",21,68,89,Test
"67+55
",67,55,122,Test
" 86+5
",86,5,91,Test
" 1+80
",1,80,81,Test
"83+71
",83,71,154,Test
"67+85
",67,85,152,Test
"85+78
",85,78,163,Test
"85+35
",85,35,120,Test
"74+74
",74,74,148,Test
" 6+44
",6,44,50,Test
"86+74
",86,74,160,Test
" 6+79
",6,79,85,Test
"76+75
",76,75,151,Test
" 10+7
",10,7,17,Test
"27+94
",27,94,121,Test
"31+57
",31,57,88,Test
"45+66
",45,66,111,Test
"40+93
",40,93,133,Test
"76+70
",76,70,146,Test
"87+57
",87,57,144,Test
"92+39
",92,39,131,Test
"32+67
",32,67,99,Test
"83+24
",83,24,107,Test
"49+70
",49,70,119,Test
"39+51
",39,51,90,Test
"34+21
",34,21,55,Test
"98+76
",98,76,174,Test
"60+66
",60,66,126,Test
"80+72
",80,72,152,Test
" 10+9
",10,9,19,Test
"26+58
",26,58,84,Test
"93+25
",93,25,118,Test
"84+17
",84,17,101,Test
"46+44
",46,44,90,Test
"92+73
",92,73,165,Test
"85+44
",85,44,129,Test
"69+97
",69,97,166,Test
"89+22
",89,22,111,Test
" 14+3
",14,3,17,Test
"43+73
",43,73,116,Test
" 15+9
",15,9,24,Test
"84+92
",84,92,176,Test
"58+61
",58,61,119,Test
"15+37
",15,37,52,Test
"87+31
",87,31,118,Test
"28+75
",28,75,103,Test
" 93+7
",93,7,100,Test
"94+50
",94,50,144,Test
" 2+29
",2,29,31,Test
" 85+2
",85,2,87,Test
"18+85
",18,85,103,Test
"78+80
",78,80,158,Test
"88+76
",88,76,164,Test
"95+86
",95,86,181,Test
" 24+2
",24,2,26,Test
"10+80
",10,80,90,Test
"32+64
",32,64,96,Test
" 9+27
",9,27,36,Test
"24+95
",24,95,119,Test
"60+68
",60,68,128,Test
"77+24
",77,24,101,Test
"10+69
",10,69,79,Test
"65+34
",65,34,99,Test
"84+61
",84,61,145,Test
" 52+1
",52,1,53,Test
" 60+6
",60,6,66,Test
"45+84
",45,84,129,Test
" 8+78
",8,78,86,Test
"22+63
",22,63,85,Test
"26+57
",26,57,83,Test
"82+54
",82,54,136,Test
"15+39
",15,39,54,Test
" 3+37
",3,37,40,Test
"14+40
",14,40,54,Test
"96+41
",96,41,137,Test
"28+18
",28,18,46,Test
"98+20
",98,20,118,Test
" 91+4
",91,4,95,Test
" 87+7
",87,7,94,Test
"68+56
",68,56,124,Test
"81+14
",81,14,95,Test
"  0+7
",0,7,7,Test
"96+73
",96,73,169,Test
"16+12
",16,12,28,Test
"  6+7
",6,7,13,Test
"10+36
",10,36,46,Test
"21+92
",21,92,113,Test
"38+58
",38,58,96,Test
"36+35
",36,35,71,Test
"64+55
",64,55,119,Test
"21+20
",21,20,41,Test
"64+14
",64,14,78,Test
"66+81
",66,81,147,Test
"84+74
",84,74,158,Test
"79+39
",79,39,118,Test
"17+62
",17,62,79,Test
"93+29
",93,29,122,Test
"32+61
",32,61,93,Test
"80+32
",80,32,112,Test
"64+82
",64,82,146,Test
"73+68
",73,68,141,Test
"81+39
",81,39,120,Test
"58+79
",58,79,137,Test
"95+69
",95,69,164,Test
" 32+2
",32,2,34,Test
"18+71
",18,71,89,Test
" 2+78
",2,78,80,Test
"69+79
",69,79,148,Test
" 2+21
",2,21,23,Test
"83+61
",83,61,144,Test
" 2+89
",2,89,91,Test
"95+74
",95,74,169,Test
" 85+3
",85,3,88,Test
"74+48
",74,48,122,Test
" 12+1
",12,1,13,Test
"65+38
",65,38,103,Test
"88+75
",88,75,163,Test
"90+68
",90,68,158,Test
"77+12
",77,12,89,Test
"78+36
",78,36,114,Test
"74+60
",74,60,134,Test
" 3+92
",3,92,95,Test
"57+35
",57,35,92,Test
"27+73
",27,73,100,Test
"93+34
",93,34,127,Test
"34+88
",34,88,122,Test
"67+54
",67,54,121,Test
"22+79
",22,79,101,Test
"22+14
",22,14,36,Test
"62+75
",62,75,137,Test
"77+41
",77,41,118,Test
"82+83
",82,83,165,Test
"67+76
",67,76,143,Test
"98+46
",98,46,144,Test
"83+44
",83,44,127,Test
"17+88
",17,88,105,Test
"99+18
",99,18,117,Test
" 62+8
",62,8,70,Test
" 41+7
",41,7,48,Test
"24+44
",24,44,68,Test
"26+70
",26,70,96,Test
"56+33
",56,33,89,Test
" 22+2
",22,2,24,Test
"12+78
",12,78,90,Test
" 62+7
",62,7,69,Test
"88+57
",88,57,145,Test
"45+43
",45,43,88,Test
"47+43
",47,43,90,Test
"14+11
",14,11,25,Test
"79+93
",79,93,172,Test
"23+10
",23,10,33,Test
"25+28
",25,28,53,Test
"39+15
",39,15,54,Test
" 0+89
",0,89,89,Test
" 6+70
",6,70,76,Test
"20+14
",20,14,34,Test
"43+66
",43,66,109,Test
"12+36
",12,36,48,Test
"54+10
",54,10,64,Test
"25+40
",25,40,65,Test
"83+39
",83,39,122,Test
" 23+5
",23,5,28,Test
"89+89
",89,89,178,Test
"81+70
",81,70,151,Test
"94+26
",94,26,120,Test
" 2+51
",2,51,53,Test
"37+60
",37,60,97,Test
" 37+3
",37,3,40,Test
"68+13
",68,13,81,Test
"42+99
",42,99,141,Test
"66+71
",66,71,137,Test
"24+65
",24,65,89,Test
"68+57
",68,57,125,Test
" 63+4
",63,4,67,Test
"90+50
",90,50,140,Test
"22+74
",22,74,96,Test
"85+72
",85,72,157,Test
"26+75
",26,75,101,Test
"25+10
",25,10,35,Test
"39+20
",39,20,59,Test
"92+53
",92,53,145,Test
"53+77
",53,77,130,Test
"54+80
",54,80,134,Test
"82+86
",82,86,168,Test
"44+17
",44,17,61,Test
"48+35
",48,35,83,Test
"22+52
",22,52,74,Test
" 0+97
",0,97,97,Test
"57+96
",57,96,153,Test
"61+46
",61,46,107,Test
"10+91
",10,91,101,Test
"98+71
",98,71,169,Test
"84+94
",84,94,178,Test
"19+10
",19,10,29,Test
" 57+3
",57,3,60,Test
"30+62
",30,62,92,Test
"19+89
",19,89,108,Test
"70+57
",70,57,127,Test
"70+78
",70,78,148,Test
"33+66
",33,66,99,Test
"51+36
",51,36,87,Test
" 7+33
",7,33,40,Test
"64+77
",64,77,141,Test
" 2+58
",2,58,60,Test
